0.0998331 0.995004 
0.198669 0.980067 
0.295519 0.955337 
0.389417 0.921062 
0.479424 0.877584 
0.564641 0.825338 
0.644217 0.764845 
0.717355 0.696711 
0.783326 0.621615 
0.841471 0.540308 
0.891207 0.453603 
0.93204 0.362365 
0.96356 0.267507 
0.985452 0.169976 
0.997498 0.0707471 
0.999578 -0.0291889 
0.99167 -0.128833 
0.973854 -0.22719 
0.946308 -0.323278 
0.909306 -0.416135 
0.86322 -0.504834 
0.808508 -0.588489 
0.745718 -0.666265 
0.675477 -0.737383 
0.598488 -0.801134 
0.515518 -0.85688 
0.427398 -0.904064 
0.335007 -0.942216 
0.239269 -0.970954 
0.14114 -0.98999 
0.0416013 -0.999134 
-0.0583532 -0.998296 
-0.157725 -0.987483 
-0.25552 -0.966804 
-0.350763 -0.936465 
-0.442501 -0.896769 
-0.529817 -0.848113 
-0.61184 -0.790983 
-0.68775 -0.72595 
-0.756788 -0.653664 
-0.818265 -0.574846 
-0.871565 -0.490285 
-0.916158 -0.400825 
-0.951597 -0.307361 
-0.977528 -0.210825 
-0.993691 -0.112183 
-0.999927 -0.0124198 
-0.996171 0.0874673 
-0.982462 0.18648 
-0.958937 0.28363 
-0.925831 0.377946 
-0.883474 0.468486 
-0.83229 0.554345 
-0.77279 0.634665 
-0.705569 0.708644 
-0.631298 0.775542 
-0.550719 0.834692 
-0.464638 0.885502 
-0.373914 0.927464 
-0.279455 0.960159 
-0.182203 0.983261 
-0.0831307 0.996539 
0.0167722 0.999859 
0.116508 0.99319 
0.215079 0.976597 
0.311501 0.950246 
0.404811 0.914401 
0.494076 0.86942 
0.578405 0.815752 
0.656954 0.753933 
0.72894 0.684581 
0.793642 0.608389 
0.850414 0.526119 
0.89869 0.438591 
0.937986 0.346682 
0.967911 0.251309 
0.988164 0.153424 
0.998544 0.054007 
0.998948 -0.0459498 
0.98937 -0.145448 
0.969907 -0.243492 
0.940753 -0.339104 
0.902199 -0.431327 
0.854631 -0.519241 
0.798524 -0.601967 
0.734439 -0.678678 
0.663015 -0.748608 
0.584967 -0.811059 
0.501074 -0.865406 
0.412174 -0.911106 
0.319157 -0.947702 
0.22295 -0.97483 
0.124516 -0.992218 
0.0248378 -0.999691 
-0.0750886 -0.997177 
-0.174265 -0.984699 
-0.2717 -0.962382 
-0.36642 -0.93045 
-0.457479 -0.889221 
-0.543968 -0.839108 
