12,10,1,10,1,1,0
30,0,-14.9984,25.9817,-15.0032,-25.9789,0
30,0.00333333,-15.0184,25.965,-14.9832,-25.9956,0.1
30,0.00666666,-15.0383,25.9483,-14.9631,-26.0122,0.2
30,0.00999999,-15.0582,25.9316,-14.943,-26.0288,0.3
29.9999,0.0133333,-15.0781,25.9148,-14.9229,-26.0454,0.4
29.9999,0.0166666,-15.0979,25.898,-14.9027,-26.0619,0.5
29.9999,0.0199999,-15.1177,25.8812,-14.8825,-26.0784,0.6
29.9998,0.0233331,-15.1375,25.8644,-14.8623,-26.095,0.7
29.9998,0.0266663,-15.1572,25.8476,-14.8421,-26.1114,0.8
29.9997,0.0299995,-15.177,25.8307,-14.8218,-26.1279,0.9
29.9996,0.0333326,-15.1966,25.8138,-14.8014,-26.1443,1
29.9996,0.0366657,-15.2163,25.7969,-14.7811,-26.1608,1.1
29.9995,0.0399988,-15.2359,25.78,-14.7607,-26.1772,1.2
29.9994,0.0433318,-15.2555,25.763,-14.7403,-26.1935,1.3
29.9993,0.0466647,-15.275,25.746,-14.7198,-26.2099,1.4
29.9992,0.0499976,-15.2945,25.729,-14.6994,-26.2262,1.5
29.9991,0.0533304,-15.314,25.712,-14.6788,-26.2425,1.6
29.999,0.0566631,-15.3335,25.695,-14.6583,-26.2588,1.7
29.9989,0.0599958,-15.3529,25.6779,-14.6377,-26.2751,1.8
29.9988,0.0633284,-15.3723,25.6608,-14.6171,-26.2913,1.9
29.9987,0.0666609,-15.3917,25.6437,-14.5965,-26.3075,2
29.9985,0.0699933,-15.411,25.6266,-14.5758,-26.3237,2.1
29.9984,0.0733256,-15.4303,25.6094,-14.5551,-26.3399,2.2
29.9982,0.0766579,-15.4495,25.5923,-14.5344,-26.3561,2.3
29.9981,0.07999,-15.4688,25.5751,-14.5136,-26.3722,2.4
29.9979,0.083322,-15.488,25.5579,-14.4928,-26.3883,2.5
29.9977,0.0866539,-15.5071,25.5406,-14.472,-26.4044,2.6
29.9976,0.0899857,-15.5263,25.5234,-14.4511,-26.4204,2.7
29.9974,0.0933174,-15.5454,25.5061,-14.4302,-26.4365,2.8
29.9972,0.0966489,-15.5644,25.4888,-14.4093,-26.4525,2.9
29.997,0.0999804,-15.5835,25.4715,-14.3883,-26.4685,3
29.9968,0.103312,-15.6025,25.4541,-14.3673,-26.4844,3.1
29.9966,0.106643,-15.6214,25.4367,-14.3463,-26.5004,3.2
29.9964,0.109974,-15.6404,25.4194,-14.3252,-26.5163,3.3
29.9962,0.113305,-15.6593,25.4019,-14.3041,-26.5322,3.4
29.996,0.116635,-15.6782,25.3845,-14.283,-26.5481,3.5
29.9957,0.119966,-15.697,25.3671,-14.2619,-26.5639,3.6
29.9955,0.123296,-15.7158,25.3496,-14.2407,-26.5798,3.7
29.9952,0.126627,-15.7346,25.3321,-14.2195,-26.5956,3.8
29.995,0.129957,-15.7533,25.3146,-14.1982,-26.6114,3.9
29.9947,0.133287,-15.7721,25.297,-14.1769,-26.6271,4
29.9945,0.136616,-15.7907,25.2795,-14.1556,-26.6429,4.1
29.9942,0.139946,-15.8094,25.2619,-14.1343,-26.6586,4.2
29.9939,0.143275,-15.828,25.2443,-14.1129,-26.6743,4.3
29.9936,0.146604,-15.8466,25.2267,-14.0915,-26.6899,4.4
29.9934,0.149933,-15.8651,25.209,-14.0701,-26.7056,4.5
29.9931,0.153262,-15.8837,25.1913,-14.0486,-26.7212,4.6
29.9928,0.156591,-15.9021,25.1737,-14.0271,-26.7368,4.7
29.9925,0.159919,-15.9206,25.156,-14.0055,-26.7524,4.8
29.9921,0.163247,-15.939,25.1382,-13.984,-26.7679,4.9
29.9918,0.166575,-15.9574,25.1205,-13.9624,-26.7834,5
29.9915,0.169903,-15.9758,25.1027,-13.9408,-26.7989,5.1
29.9912,0.17323,-15.9941,25.0849,-13.9191,-26.8144,5.2
29.9908,0.176558,-16.0124,25.0671,-13.8974,-26.8299,5.3
29.9905,0.179885,-16.0307,25.0493,-13.8757,-26.8453,5.4
29.9901,0.183212,-16.0489,25.0314,-13.8539,-26.8607,5.5
29.9898,0.186538,-16.0671,25.0135,-13.8321,-26.8761,5.6
29.9894,0.189864,-16.0853,24.9956,-13.8103,-26.8915,5.7
29.989,0.19319,-16.1034,24.9777,-13.7884,-26.9068,5.8
29.9886,0.196516,-16.1215,24.9598,-13.7665,-26.9221,5.9
29.9883,0.199842,-16.1396,24.9418,-13.7446,-26.9374,6
29.9879,0.203167,-16.1576,24.9238,-13.7227,-26.9527,6.1
29.9875,0.206492,-16.1756,24.9058,-13.7007,-26.9679,6.2
29.9871,0.209817,-16.1936,24.8878,-13.6787,-26.9832,6.3
29.9867,0.213141,-16.2115,24.8697,-13.6566,-26.9984,6.4
29.9862,0.216465,-16.2294,24.8517,-13.6346,-27.0135,6.5
29.9858,0.219789,-16.2473,24.8336,-13.6124,-27.0287,6.6
29.9854,0.223113,-16.2651,24.8155,-13.5903,-27.0438,6.7
29.9849,0.226436,-16.2829,24.7973,-13.5681,-27.0589,6.8
29.9845,0.229759,-16.3007,24.7792,-13.5459,-27.074,6.9
29.9841,0.233082,-16.3185,24.761,-13.5237,-27.0891,7
29.9836,0.236404,-16.3362,24.7428,-13.5014,-27.1041,7.1
29.9831,0.239726,-16.3539,24.7246,-13.4791,-27.1191,7.2
29.9827,0.243048,-16.3715,24.7064,-13.4568,-27.1341,7.3
29.9822,0.246369,-16.3891,24.6881,-13.4344,-27.149,7.4
29.9817,0.24969,-16.4067,24.6699,-13.412,-27.164,7.5
29.9812,0.253011,-16.4242,24.6516,-13.3896,-27.1789,7.6
29.9807,0.256332,-16.4418,24.6332,-13.3671,-27.1938,7.7
29.9802,0.259652,-16.4593,24.6149,-13.3446,-27.2087,7.8
29.9797,0.262971,-16.4767,24.5966,-13.3221,-27.2235,7.9
29.9792,0.266291,-16.4941,24.5782,-13.2995,-27.2383,8
29.9787,0.26961,-16.5115,24.5598,-13.277,-27.2531,8.1
29.9782,0.272929,-16.5289,24.5414,-13.2543,-27.2679,8.2
29.9776,0.276247,-16.5462,24.5229,-13.2317,-27.2826,8.3
29.9771,0.279565,-16.5635,24.5045,-13.209,-27.2973,8.4
29.9765,0.282882,-16.5807,24.486,-13.1863,-27.312,8.5
29.976,0.2862,-16.598,24.4675,-13.1635,-27.3267,8.6
29.9754,0.289516,-16.6152,24.449,-13.1408,-27.3413,8.7
29.9749,0.292833,-16.6323,24.4304,-13.1179,-27.356,8.8
29.9743,0.296149,-16.6495,24.4119,-13.0951,-27.3706,8.9
29.9737,0.299464,-16.6665,24.3933,-13.0722,-27.3851,9
29.9731,0.30278,-16.6836,24.3747,-13.0493,-27.3997,9.1
29.9725,0.306094,-16.7006,24.3561,-13.0264,-27.4142,9.2
29.9719,0.309409,-16.7176,24.3374,-13.0034,-27.4287,9.3
29.9713,0.312723,-16.7346,24.3187,-12.9804,-27.4432,9.4
29.9707,0.316036,-16.7515,24.3001,-12.9574,-27.4576,9.5
29.9701,0.31935,-16.7684,24.2814,-12.9343,-27.4721,9.6
29.9695,0.322662,-16.7853,24.2626,-12.9112,-27.4865,9.7
29.9689,0.325975,-16.8021,24.2439,-12.8881,-27.5009,9.8
29.9682,0.329287,-16.8189,24.2251,-12.8649,-27.5152,9.9
29.9676,0.332598,-16.8357,24.2063,-12.8417,-27.5295,10
29.9669,0.335909,-16.8525,24.1875,-12.8185,-27.5438,10.1
29.9663,0.33922,-16.8692,24.1687,-12.7952,-27.5581,10.2
29.9656,0.34253,-16.8858,24.1499,-12.772,-27.5724,10.3
29.9649,0.345839,-16.9025,24.131,-12.7486,-27.5866,10.4
29.9643,0.349148,-16.9191,24.1121,-12.7253,-27.6008,10.5
29.9636,0.352457,-16.9357,24.0932,-12.7019,-27.615,10.6
29.9629,0.355765,-16.9522,24.0743,-12.6785,-27.6292,10.7
29.9622,0.359073,-16.9687,24.0553,-12.655,-27.6433,10.8
29.9615,0.36238,-16.9852,24.0364,-12.6315,-27.6574,10.9
29.9608,0.365687,-17.0016,24.0174,-12.608,-27.6715,11
29.9601,0.368993,-17.018,23.9984,-12.5845,-27.6855,11.1
29.9594,0.372299,-17.0344,23.9794,-12.5609,-27.6996,11.2
29.9586,0.375604,-17.0508,23.9603,-12.5373,-27.7136,11.3
29.9579,0.378909,-17.0671,23.9412,-12.5137,-27.7276,11.4
29.9572,0.382214,-17.0834,23.9222,-12.49,-27.7415,11.5
29.9564,0.385517,-17.0996,23.9031,-12.4663,-27.7554,11.6
29.9557,0.388821,-17.1158,23.8839,-12.4426,-27.7694,11.7
29.9549,0.392123,-17.132,23.8648,-12.4188,-27.7832,11.8
29.9542,0.395426,-17.1482,23.8456,-12.395,-27.7971,11.9
29.9534,0.398727,-17.1643,23.8264,-12.3712,-27.8109,12
29.9526,0.402028,-17.1804,23.8072,-12.3473,-27.8247,12.1
29.9518,0.405329,-17.1964,23.788,-12.3234,-27.8385,12.2
29.951,0.408629,-17.2124,23.7688,-12.2995,-27.8523,12.3
29.9502,0.411928,-17.2284,23.7495,-12.2755,-27.866,12.4
29.9494,0.415227,-17.2444,23.7302,-12.2515,-27.8797,12.5
29.9486,0.418526,-17.2603,23.7109,-12.2275,-27.8934,12.6
29.9478,0.421824,-17.2762,23.6916,-12.2035,-27.907,12.7
29.947,0.425121,-17.2921,23.6723,-12.1794,-27.9207,12.8
29.9462,0.428418,-17.3079,23.6529,-12.1553,-27.9343,12.9
29.9453,0.431714,-17.3237,23.6335,-12.1311,-27.9479,13
29.9445,0.435009,-17.3394,23.6141,-12.1069,-27.9614,13.1
29.9436,0.438304,-17.3552,23.5947,-12.0827,-27.9749,13.2
29.9428,0.441599,-17.3709,23.5752,-12.0585,-27.9885,13.3
29.9419,0.444892,-17.3865,23.5558,-12.0342,-28.0019,13.4
29.941,0.448185,-17.4021,23.5363,-12.0099,-28.0154,13.5
29.9402,0.451478,-17.4177,23.5168,-11.9855,-28.0288,13.6
29.9393,0.45477,-17.4333,23.4973,-11.9612,-28.0422,13.7
29.9384,0.458061,-17.4488,23.4778,-11.9368,-28.0556,13.8
29.9375,0.461352,-17.4643,23.4582,-11.9123,-28.0689,13.9
29.9366,0.464642,-17.4798,23.4386,-11.8879,-28.0823,14
29.9357,0.467931,-17.4952,23.419,-11.8634,-28.0956,14.1
29.9348,0.47122,-17.5106,23.3994,-11.8388,-28.1088,14.2
29.9339,0.474508,-17.526,23.3798,-11.8143,-28.1221,14.3
29.9329,0.477796,-17.5413,23.3601,-11.7897,-28.1353,14.4
29.932,0.481083,-17.5566,23.3404,-11.7651,-28.1485,14.5
29.9311,0.484369,-17.5719,23.3208,-11.7404,-28.1617,14.6
29.9301,0.487655,-17.5871,23.301,-11.7157,-28.1748,14.7
29.9292,0.49094,-17.6023,23.2813,-11.691,-28.1879,14.8
29.9282,0.494224,-17.6175,23.2616,-11.6662,-28.201,14.9
29.9272,0.497508,-17.6326,23.2418,-11.6415,-28.2141,15
29.9263,0.50079,-17.6477,23.222,-11.6166,-28.2271,15.1
29.9253,0.504073,-17.6628,23.2022,-11.5918,-28.2401,15.2
29.9243,0.507354,-17.6778,23.1824,-11.5669,-28.2531,15.3
29.9233,0.510635,-17.6928,23.1625,-11.542,-28.2661,15.4
29.9223,0.513915,-17.7078,23.1427,-11.5171,-28.279,15.5
29.9213,0.517195,-17.7227,23.1228,-11.4921,-28.2919,15.6
29.9203,0.520474,-17.7376,23.1029,-11.4671,-28.3048,15.7
29.9193,0.523752,-17.7525,23.0829,-11.442,-28.3177,15.8
29.9183,0.527029,-17.7673,23.063,-11.417,-28.3305,15.9
29.9172,0.530306,-17.7822,23.043,-11.3919,-28.3433,16
29.9162,0.533582,-17.7969,23.0231,-11.3667,-28.3561,16.1
29.9152,0.536857,-17.8117,23.0031,-11.3416,-28.3688,16.2
29.9141,0.540131,-17.8264,22.983,-11.3164,-28.3816,16.3
29.9131,0.543405,-17.841,22.963,-11.2911,-28.3943,16.4
29.912,0.546678,-17.8557,22.9429,-11.2659,-28.4069,16.5
29.9109,0.54995,-17.8703,22.9229,-11.2406,-28.4196,16.6
29.9099,0.553222,-17.8849,22.9028,-11.2152,-28.4322,16.7
29.9088,0.556492,-17.8994,22.8827,-11.1899,-28.4448,16.8
29.9077,0.559762,-17.9139,22.8625,-11.1645,-28.4574,16.9
29.9066,0.563032,-17.9284,22.8424,-11.1391,-28.4699,17
29.9055,0.5663,-17.9428,22.8222,-11.1136,-28.4824,17.1
29.9044,0.569568,-17.9573,22.802,-11.0881,-28.4949,17.2
29.9033,0.572835,-17.9716,22.7818,-11.0626,-28.5074,17.3
29.9021,0.576101,-17.986,22.7616,-11.0371,-28.5198,17.4
29.901,0.579366,-18.0003,22.7413,-11.0115,-28.5322,17.5
29.8999,0.582631,-18.0146,22.7211,-10.9859,-28.5446,17.6
29.8987,0.585894,-18.0288,22.7008,-10.9602,-28.557,17.7
29.8976,0.589157,-18.043,22.6805,-10.9346,-28.5693,17.8
29.8964,0.592419,-18.0572,22.6602,-10.9089,-28.5816,17.9
29.8953,0.595681,-18.0713,22.6398,-10.8831,-28.5939,18
29.8941,0.598941,-18.0854,22.6195,-10.8573,-28.6061,18.1
29.8929,0.602201,-18.0995,22.5991,-10.8315,-28.6183,18.2
29.8918,0.60546,-18.1136,22.5787,-10.8057,-28.6305,18.3
29.8906,0.608718,-18.1276,22.5583,-10.7798,-28.6427,18.4
29.8894,0.611975,-18.1416,22.5379,-10.7539,-28.6548,18.5
29.8882,0.615231,-18.1555,22.5174,-10.728,-28.667,18.6
29.887,0.618487,-18.1694,22.4969,-10.7021,-28.679,18.7
29.8858,0.621742,-18.1833,22.4765,-10.6761,-28.6911,18.8
29.8846,0.624995,-18.1972,22.456,-10.65,-28.7031,18.9
29.8833,0.628248,-18.211,22.4354,-10.624,-28.7151,19
29.8821,0.6315,-18.2247,22.4149,-10.5979,-28.7271,19.1
29.8809,0.634752,-18.2385,22.3943,-10.5718,-28.7391,19.2
29.8796,0.638002,-18.2522,22.3737,-10.5456,-28.751,19.3
29.8784,0.641251,-18.2659,22.3531,-10.5194,-28.7629,19.4
29.8771,0.6445,-18.2795,22.3325,-10.4932,-28.7748,19.5
29.8759,0.647748,-18.2931,22.3119,-10.467,-28.7866,19.6
29.8746,0.650995,-18.3067,22.2912,-10.4407,-28.7984,19.7
29.8733,0.65424,-18.3203,22.2706,-10.4144,-28.8102,19.8
29.872,0.657485,-18.3338,22.2499,-10.388,-28.822,19.9
29.8707,0.66073,-18.3473,22.2292,-10.3617,-28.8337,20
29.8694,0.663973,-18.3607,22.2084,-10.3353,-28.8454,20.1
29.8681,0.667215,-18.3741,22.1877,-10.3088,-28.8571,20.2
29.8668,0.670456,-18.3875,22.1669,-10.2823,-28.8687,20.3
29.8655,0.673697,-18.4009,22.1462,-10.2558,-28.8803,20.4
29.8642,0.676936,-18.4142,22.1254,-10.2293,-28.8919,20.5
29.8629,0.680175,-18.4275,22.1045,-10.2027,-28.9035,20.6
29.8615,0.683412,-18.4407,22.0837,-10.1761,-28.915,20.7
29.8602,0.686649,-18.4539,22.0628,-10.1495,-28.9265,20.8
29.8588,0.689885,-18.4671,22.042,-10.1228,-28.938,20.9
29.8575,0.693119,-18.4802,22.0211,-10.0962,-28.9495,21
29.8561,0.696353,-18.4934,22.0002,-10.0694,-28.9609,21.1
29.8548,0.699586,-18.5064,21.9792,-10.0427,-28.9723,21.2
29.8534,0.702818,-18.5195,21.9583,-10.0159,-28.9837,21.3
29.852,0.706049,-18.5325,21.9373,-9.98906,-28.995,21.4
29.8506,0.709279,-18.5455,21.9163,-9.96221,-29.0064,21.5
29.8492,0.712508,-18.5584,21.8953,-9.93532,-29.0176,21.6
29.8478,0.715735,-18.5713,21.8743,-9.9084,-29.0289,21.7
29.8464,0.718962,-18.5842,21.8533,-9.88146,-29.0401,21.8
29.845,0.722188,-18.5971,21.8322,-9.85447,-29.0513,21.9
29.8436,0.725413,-18.6099,21.8112,-9.82746,-29.0625,22
29.8421,0.728637,-18.6227,21.7901,-9.80042,-29.0737,22.1
29.8407,0.73186,-18.6354,21.769,-9.77334,-29.0848,22.2
29.8393,0.735082,-18.6481,21.7478,-9.74623,-29.0959,22.3
29.8378,0.738303,-18.6608,21.7267,-9.71909,-29.1069,22.4
29.8364,0.741522,-18.6734,21.7055,-9.69192,-29.118,22.5
29.8349,0.744741,-18.6861,21.6844,-9.66472,-29.129,22.6
29.8335,0.747959,-18.6986,21.6632,-9.63748,-29.14,22.7
29.832,0.751176,-18.7112,21.6419,-9.61022,-29.1509,22.8
29.8305,0.754391,-18.7237,21.6207,-9.58292,-29.1618,22.9
29.829,0.757606,-18.7362,21.5995,-9.55559,-29.1727,23
29.8275,0.760819,-18.7486,21.5782,-9.52822,-29.1836,23.1
29.826,0.764032,-18.761,21.5569,-9.50083,-29.1944,23.2
29.8245,0.767243,-18.7734,21.5356,-9.4734,-29.2052,23.3
29.823,0.770454,-18.7858,21.5143,-9.44595,-29.216,23.4
29.8215,0.773663,-18.7981,21.4929,-9.41846,-29.2268,23.5
29.82,0.776871,-18.8103,21.4716,-9.39093,-29.2375,23.6
29.8184,0.780078,-18.8226,21.4502,-9.36338,-29.2482,23.7
29.8169,0.783284,-18.8348,21.4288,-9.33579,-29.2589,23.8
29.8154,0.786489,-18.847,21.4074,-9.30818,-29.2695,23.9
29.8138,0.789692,-18.8591,21.386,-9.28053,-29.2801,24
29.8122,0.792895,-18.8712,21.3645,-9.25284,-29.2907,24.1
29.8107,0.796097,-18.8833,21.3431,-9.22513,-29.3012,24.2
29.8091,0.799297,-18.8953,21.3216,-9.19739,-29.3118,24.3
29.8075,0.802496,-18.9073,21.3001,-9.16961,-29.3223,24.4
29.806,0.805694,-18.9193,21.2786,-9.1418,-29.3327,24.5
29.8044,0.808891,-18.9313,21.257,-9.11396,-29.3432,24.6
29.8028,0.812087,-18.9432,21.2355,-9.08609,-29.3536,24.7
29.8012,0.815282,-18.955,21.2139,-9.05818,-29.3639,24.8
29.7996,0.818476,-18.9669,21.1923,-9.03024,-29.3743,24.9
29.7979,0.821668,-18.9787,21.1707,-9.00228,-29.3846,25
29.7963,0.824859,-18.9904,21.1491,-8.97427,-29.3949,25.1
29.7947,0.828049,-19.0022,21.1274,-8.94624,-29.4052,25.2
29.793,0.831238,-19.0139,21.1058,-8.91818,-29.4154,25.3
29.7914,0.834426,-19.0256,21.0841,-8.89008,-29.4256,25.4
29.7898,0.837612,-19.0372,21.0624,-8.86195,-29.4358,25.5
29.7881,0.840798,-19.0488,21.0407,-8.83379,-29.4459,25.6
29.7864,0.843982,-19.0604,21.019,-8.8056,-29.456,25.7
29.7848,0.847165,-19.0719,20.9972,-8.77738,-29.4661,25.8
29.7831,0.850347,-19.0834,20.9755,-8.74912,-29.4762,25.9
29.7814,0.853527,-19.0949,20.9537,-8.72083,-29.4862,26
29.7797,0.856707,-19.1063,20.9319,-8.69251,-29.4962,26.1
29.778,0.859885,-19.1177,20.9101,-8.66416,-29.5062,26.2
29.7763,0.863062,-19.1291,20.8883,-8.63578,-29.5161,26.3
29.7746,0.866237,-19.1404,20.8664,-8.60736,-29.526,26.4
29.7729,0.869412,-19.1517,20.8446,-8.57892,-29.5359,26.5
29.7712,0.872585,-19.163,20.8227,-8.55044,-29.5457,26.6
29.7695,0.875757,-19.1742,20.8008,-8.52193,-29.5556,26.7
29.7677,0.878928,-19.1854,20.7789,-8.49338,-29.5653,26.8
29.766,0.882097,-19.1965,20.7569,-8.46481,-29.5751,26.9
29.7642,0.885265,-19.2077,20.735,-8.4362,-29.5848,27
29.7625,0.888432,-19.2188,20.713,-8.40756,-29.5945,27.1
29.7607,0.891598,-19.2298,20.691,-8.37889,-29.6042,27.2
29.7589,0.894762,-19.2408,20.669,-8.35019,-29.6139,27.3
29.7572,0.897925,-19.2518,20.647,-8.32145,-29.6235,27.4
29.7554,0.901087,-19.2628,20.625,-8.29269,-29.633,27.5
29.7536,0.904247,-19.2737,20.6029,-8.26389,-29.6426,27.6
29.7518,0.907407,-19.2846,20.5808,-8.23506,-29.6521,27.7
29.75,0.910564,-19.2955,20.5587,-8.20619,-29.6616,27.8
29.7482,0.913721,-19.3063,20.5366,-8.1773,-29.6711,27.9
29.7464,0.916876,-19.3171,20.5145,-8.14837,-29.6805,28
29.7446,0.92003,-19.3278,20.4924,-8.11941,-29.6899,28.1
29.7427,0.923183,-19.3385,20.4702,-8.09042,-29.6993,28.2
29.7409,0.926334,-19.3492,20.4481,-8.0614,-29.7086,28.3
29.7391,0.929484,-19.3599,20.4259,-8.03234,-29.7179,28.4
29.7372,0.932633,-19.3705,20.4037,-8.00326,-29.7272,28.5
29.7354,0.93578,-19.3811,20.3814,-7.97414,-29.7365,28.6
29.7335,0.938926,-19.3916,20.3592,-7.94499,-29.7457,28.7
29.7316,0.942071,-19.4021,20.3369,-7.91581,-29.7549,28.8
29.7298,0.945214,-19.4126,20.3147,-7.88659,-29.764,28.9
29.7279,0.948356,-19.4231,20.2924,-7.85734,-29.7731,29
29.726,0.951496,-19.4335,20.2701,-7.82807,-29.7822,29.1
29.7241,0.954635,-19.4439,20.2477,-7.79876,-29.7913,29.2
29.7222,0.957773,-19.4542,20.2254,-7.76941,-29.8003,29.3
29.7203,0.960909,-19.4645,20.203,-7.74004,-29.8094,29.4
29.7184,0.964044,-19.4748,20.1807,-7.71063,-29.8183,29.5
29.7165,0.967178,-19.485,20.1583,-7.68119,-29.8273,29.6
29.7145,0.97031,-19.4952,20.1359,-7.65172,-29.8362,29.7
29.7126,0.97344,-19.5054,20.1134,-7.62222,-29.8451,29.8
29.7107,0.97657,-19.5155,20.091,-7.59268,-29.8539,29.9
29.7087,0.979698,-19.5256,20.0685,-7.56312,-29.8627,30
29.7068,0.982824,-19.5357,20.0461,-7.53352,-29.8715,30.1
29.7048,0.985949,-19.5457,20.0236,-7.50389,-29.8803,30.2
29.7028,0.989073,-19.5557,20.0011,-7.47422,-29.889,30.3
29.7009,0.992195,-19.5657,19.9785,-7.44453,-29.8977,30.4
29.6989,0.995315,-19.5756,19.956,-7.4148,-29.9064,30.5
29.6969,0.998435,-19.5855,19.9334,-7.38504,-29.915,30.6
29.6949,1.00155,-19.5954,19.9109,-7.35525,-29.9236,30.7
29.6929,1.00467,-19.6052,19.8883,-7.32543,-29.9322,30.8
29.6909,1.00778,-19.615,19.8657,-7.29557,-29.9407,30.9
29.6889,1.0109,-19.6248,19.843,-7.26569,-29.9492,31
29.6869,1.01401,-19.6345,19.8204,-7.23577,-29.9577,31.1
29.6848,1.01712,-19.6442,19.7978,-7.20582,-29.9662,31.2
29.6828,1.02023,-19.6539,19.7751,-7.17583,-29.9746,31.3
29.6808,1.02334,-19.6635,19.7524,-7.14582,-29.983,31.4
29.6787,1.02644,-19.6731,19.7297,-7.11577,-29.9913,31.5
29.6767,1.02955,-19.6826,19.707,-7.08569,-29.9996,31.6
29.6746,1.03265,-19.6921,19.6842,-7.05558,-30.0079,31.7
29.6725,1.03575,-19.7016,19.6615,-7.02543,-30.0162,31.8
29.6705,1.03885,-19.7111,19.6387,-6.99526,-30.0244,31.9
29.6684,1.04195,-19.7205,19.6159,-6.96505,-30.0326,32
29.6663,1.04504,-19.7299,19.5931,-6.93481,-30.0408,32.1
29.6642,1.04814,-19.7392,19.5703,-6.90454,-30.0489,32.2
29.6621,1.05123,-19.7485,19.5474,-6.87423,-30.057,32.3
29.66,1.05433,-19.7578,19.5246,-6.8439,-30.0651,32.4
29.6579,1.05742,-19.767,19.5017,-6.81353,-30.0731,32.5
29.6558,1.0605,-19.7762,19.4788,-6.78313,-30.0811,32.6
29.6536,1.06359,-19.7854,19.4559,-6.75269,-30.0891,32.7
29.6515,1.06668,-19.7945,19.433,-6.72223,-30.097,32.8
29.6494,1.06976,-19.8037,19.4101,-6.69173,-30.1049,32.9
29.6472,1.07284,-19.8127,19.3871,-6.6612,-30.1128,33
29.6451,1.07593,-19.8218,19.3642,-6.63064,-30.1206,33.1
29.6429,1.07901,-19.8308,19.3412,-6.60005,-30.1285,33.2
29.6408,1.08208,-19.8397,19.3182,-6.56942,-30.1362,33.3
29.6386,1.08516,-19.8486,19.2952,-6.53876,-30.144,33.4
29.6364,1.08823,-19.8575,19.2721,-6.50807,-30.1517,33.5
29.6342,1.09131,-19.8664,19.2491,-6.47735,-30.1594,33.6
29.632,1.09438,-19.8752,19.226,-6.4466,-30.167,33.7
29.6298,1.09745,-19.884,19.2029,-6.41581,-30.1746,33.8
29.6276,1.10052,-19.8928,19.1798,-6.38499,-30.1822,33.9
29.6254,1.10358,-19.9015,19.1567,-6.35414,-30.1898,34
29.6232,1.10665,-19.9102,19.1336,-6.32326,-30.1973,34.1
29.621,1.10971,-19.9188,19.1105,-6.29234,-30.2048,34.2
29.6187,1.11277,-19.9274,19.0873,-6.2614,-30.2122,34.3
29.6165,1.11583,-19.936,19.0641,-6.23042,-30.2197,34.4
29.6142,1.11889,-19.9446,19.0409,-6.19941,-30.2271,34.5
29.612,1.12195,-19.9531,19.0177,-6.16836,-30.2344,34.6
29.6097,1.125,-19.9616,18.9945,-6.13729,-30.2417,34.7
29.6075,1.12805,-19.97,18.9713,-6.10618,-30.249,34.8
29.6052,1.1311,-19.9784,18.948,-6.07504,-30.2563,34.9
29.6029,1.13415,-19.9868,18.9247,-6.04386,-30.2635,35
29.6006,1.1372,-19.9951,18.9015,-6.01266,-30.2707,35.1
29.5983,1.14025,-20.0034,18.8782,-5.98142,-30.2779,35.2
29.596,1.14329,-20.0117,18.8548,-5.95015,-30.285,35.3
29.5937,1.14634,-20.0199,18.8315,-5.91885,-30.2921,35.4
29.5914,1.14938,-20.0281,18.8081,-5.88752,-30.2991,35.5
29.5891,1.15242,-20.0363,18.7848,-5.85615,-30.3062,35.6
29.5868,1.15545,-20.0444,18.7614,-5.82475,-30.3132,35.7
29.5844,1.15849,-20.0525,18.738,-5.79332,-30.3201,35.8
29.5821,1.16152,-20.0606,18.7146,-5.76186,-30.327,35.9
29.5797,1.16456,-20.0686,18.6912,-5.73036,-30.3339,36
29.5774,1.16759,-20.0766,18.6677,-5.69884,-30.3408,36.1
29.575,1.17061,-20.0845,18.6443,-5.66728,-30.3476,36.2
29.5727,1.17364,-20.0924,18.6208,-5.63569,-30.3544,36.3
29.5703,1.17667,-20.1003,18.5973,-5.60406,-30.3612,36.4
29.5679,1.17969,-20.1082,18.5738,-5.57241,-30.3679,36.5
29.5655,1.18271,-20.116,18.5503,-5.54072,-30.3746,36.6
29.5631,1.18573,-20.1237,18.5267,-5.509,-30.3812,36.7
29.5607,1.18875,-20.1315,18.5032,-5.47724,-30.3879,36.8
29.5583,1.19176,-20.1392,18.4796,-5.44546,-30.3945,36.9
29.5559,1.19478,-20.1469,18.456,-5.41364,-30.401,37
29.5535,1.19779,-20.1545,18.4324,-5.38179,-30.4075,37.1
29.551,1.2008,-20.1621,18.4088,-5.34991,-30.414,37.2
29.5486,1.20381,-20.1697,18.3852,-5.31799,-30.4205,37.3
29.5462,1.20682,-20.1772,18.3615,-5.28605,-30.4269,37.4
29.5437,1.20982,-20.1847,18.3379,-5.25407,-30.4333,37.5
29.5413,1.21283,-20.1921,18.3142,-5.22206,-30.4397,37.6
29.5388,1.21583,-20.1996,18.2905,-5.19001,-30.446,37.7
29.5363,1.21883,-20.207,18.2668,-5.15794,-30.4523,37.8
29.5339,1.22182,-20.2143,18.2431,-5.12583,-30.4585,37.9
29.5314,1.22482,-20.2216,18.2193,-5.09369,-30.4647,38
29.5289,1.22781,-20.2289,18.1956,-5.06151,-30.4709,38.1
29.5264,1.2308,-20.2362,18.1718,-5.02931,-30.4771,38.2
29.5239,1.23379,-20.2434,18.148,-4.99707,-30.4832,38.3
29.5214,1.23678,-20.2505,18.1242,-4.9648,-30.4892,38.4
29.5189,1.23977,-20.2577,18.1004,-4.9325,-30.4953,38.5
29.5163,1.24275,-20.2648,18.0766,-4.90016,-30.5013,38.6
29.5138,1.24573,-20.2719,18.0527,-4.86779,-30.5073,38.7
29.5113,1.24871,-20.2789,18.0288,-4.83539,-30.5132,38.8
29.5087,1.25169,-20.2859,18.005,-4.80296,-30.5191,38.9
29.5062,1.25467,-20.2928,17.9811,-4.7705,-30.525,39
29.5036,1.25764,-20.2998,17.9572,-4.738,-30.5308,39.1
29.5011,1.26062,-20.3067,17.9332,-4.70547,-30.5366,39.2
29.4985,1.26359,-20.3135,17.9093,-4.67291,-30.5424,39.3
29.4959,1.26656,-20.3203,17.8854,-4.64032,-30.5481,39.4
29.4933,1.26952,-20.3271,17.8614,-4.60769,-30.5538,39.5
29.4907,1.27249,-20.3339,17.8374,-4.57503,-30.5595,39.6
29.4881,1.27545,-20.3406,17.8134,-4.54234,-30.5651,39.7
29.4855,1.27841,-20.3473,17.7894,-4.50961,-30.5707,39.8
29.4829,1.28137,-20.3539,17.7654,-4.47686,-30.5763,39.9
29.4803,1.28432,-20.3605,17.7413,-4.44407,-30.5818,40
29.4777,1.28728,-20.3671,17.7173,-4.41125,-30.5873,40.1
29.475,1.29023,-20.3736,17.6932,-4.3784,-30.5927,40.2
29.4724,1.29318,-20.3801,17.6691,-4.34551,-30.5981,40.3
29.4698,1.29613,-20.3866,17.645,-4.31259,-30.6035,40.4
29.4671,1.29908,-20.393,17.6209,-4.27964,-30.6089,40.5
29.4644,1.30202,-20.3994,17.5967,-4.24666,-30.6142,40.6
29.4618,1.30496,-20.4058,17.5726,-4.21364,-30.6194,40.7
29.4591,1.3079,-20.4121,17.5484,-4.18059,-30.6247,40.8
29.4564,1.31084,-20.4184,17.5243,-4.14751,-30.6299,40.9
29.4537,1.31378,-20.4246,17.5001,-4.1144,-30.635,41
29.451,1.31671,-20.4308,17.4758,-4.08125,-30.6402,41.1
29.4483,1.31964,-20.437,17.4516,-4.04807,-30.6453,41.2
29.4456,1.32257,-20.4432,17.4274,-4.01486,-30.6503,41.3
29.4429,1.3255,-20.4493,17.4031,-3.98162,-30.6554,41.4
29.4402,1.32843,-20.4553,17.3789,-3.94835,-30.6603,41.5
29.4375,1.33135,-20.4614,17.3546,-3.91504,-30.6653,41.6
29.4347,1.33427,-20.4674,17.3303,-3.8817,-30.6702,41.7
29.432,1.33719,-20.4733,17.306,-3.84832,-30.6751,41.8
29.4293,1.34011,-20.4793,17.2816,-3.81492,-30.6799,41.9
29.4265,1.34302,-20.4851,17.2573,-3.78148,-30.6847,42
29.4237,1.34593,-20.491,17.2329,-3.74801,-30.6895,42.1
29.421,1.34884,-20.4968,17.2086,-3.7145,-30.6942,42.2
29.4182,1.35175,-20.5026,17.1842,-3.68097,-30.6989,42.3
29.4154,1.35466,-20.5083,17.1598,-3.6474,-30.7036,42.4
29.4126,1.35756,-20.5141,17.1354,-3.6138,-30.7082,42.5
29.4098,1.36046,-20.5197,17.1109,-3.58017,-30.7128,42.6
29.407,1.36336,-20.5254,17.0865,-3.5465,-30.7174,42.7
29.4042,1.36626,-20.531,17.062,-3.5128,-30.7219,42.8
29.4014,1.36916,-20.5365,17.0376,-3.47907,-30.7264,42.9
29.3986,1.37205,-20.5421,17.0131,-3.44531,-30.7308,43
29.3957,1.37494,-20.5476,16.9886,-3.41151,-30.7352,43.1
29.3929,1.37783,-20.553,16.9641,-3.37768,-30.7396,43.2
29.3901,1.38071,-20.5584,16.9395,-3.34382,-30.7439,43.3
29.3872,1.3836,-20.5638,16.915,-3.30992,-30.7482,43.4
29.3844,1.38648,-20.5692,16.8904,-3.276,-30.7524,43.5
29.3815,1.38936,-20.5745,16.8658,-3.24204,-30.7567,43.6
29.3786,1.39224,-20.5798,16.8413,-3.20804,-30.7608,43.7
29.3757,1.39511,-20.585,16.8167,-3.17402,-30.765,43.8
29.3729,1.39799,-20.5902,16.792,-3.13996,-30.7691,43.9
29.37,1.40086,-20.5954,16.7674,-3.10587,-30.7732,44
29.3671,1.40372,-20.6005,16.7428,-3.07175,-30.7772,44.1
29.3642,1.40659,-20.6056,16.7181,-3.03759,-30.7812,44.2
29.3612,1.40945,-20.6107,16.6934,-3.00341,-30.7852,44.3
29.3583,1.41231,-20.6157,16.6687,-2.96919,-30.7891,44.4
29.3554,1.41517,-20.6207,16.644,-2.93493,-30.793,44.5
29.3525,1.41803,-20.6256,16.6193,-2.90065,-30.7968,44.6
29.3495,1.42088,-20.6305,16.5946,-2.86633,-30.8006,44.7
29.3466,1.42374,-20.6354,16.5698,-2.83198,-30.8044,44.8
29.3436,1.42659,-20.6402,16.5451,-2.79759,-30.8081,44.9
29.3407,1.42943,-20.645,16.5203,-2.76317,-30.8118,45
29.3377,1.43228,-20.6498,16.4955,-2.72872,-30.8155,45.1
29.3347,1.43512,-20.6545,16.4707,-2.69424,-30.8191,45.2
29.3317,1.43796,-20.6592,16.4459,-2.65973,-30.8227,45.3
29.3287,1.4408,-20.6639,16.421,-2.62518,-30.8262,45.4
29.3258,1.44363,-20.6685,16.3962,-2.5906,-30.8297,45.5
29.3227,1.44647,-20.6731,16.3713,-2.55599,-30.8332,45.6
29.3197,1.4493,-20.6776,16.3464,-2.52134,-30.8366,45.7
29.3167,1.45212,-20.6822,16.3215,-2.48666,-30.84,45.8
29.3137,1.45495,-20.6866,16.2966,-2.45195,-30.8434,45.9
29.3107,1.45777,-20.6911,16.2717,-2.41721,-30.8467,46
29.3076,1.46059,-20.6955,16.2468,-2.38243,-30.85,46.1
29.3046,1.46341,-20.6998,16.2218,-2.34762,-30.8532,46.2
29.3015,1.46623,-20.7042,16.1969,-2.31278,-30.8564,46.3
29.2985,1.46904,-20.7085,16.1719,-2.2779,-30.8595,46.4
29.2954,1.47185,-20.7127,16.1469,-2.24299,-30.8627,46.5
29.2923,1.47466,-20.7169,16.1219,-2.20805,-30.8657,46.6
29.2893,1.47747,-20.7211,16.0969,-2.17308,-30.8688,46.7
29.2862,1.48027,-20.7252,16.0719,-2.13807,-30.8718,46.8
29.2831,1.48307,-20.7294,16.0468,-2.10303,-30.8748,46.9
29.28,1.48587,-20.7334,16.0218,-2.06796,-30.8777,47
29.2769,1.48867,-20.7375,15.9967,-2.03286,-30.8806,47.1
29.2738,1.49146,-20.7415,15.9716,-1.99772,-30.8834,47.2
29.2706,1.49425,-20.7454,15.9465,-1.96255,-30.8862,47.3
29.2675,1.49704,-20.7493,15.9214,-1.92735,-30.889,47.4
29.2644,1.49982,-20.7532,15.8963,-1.89211,-30.8917,47.5
29.2612,1.50261,-20.7571,15.8711,-1.85684,-30.8944,47.6
29.2581,1.50539,-20.7609,15.846,-1.82154,-30.8971,47.7
29.2549,1.50817,-20.7647,15.8208,-1.7862,-30.8997,47.8
29.2518,1.51094,-20.7684,15.7956,-1.75084,-30.9023,47.9
29.2486,1.51372,-20.7721,15.7704,-1.71544,-30.9048,48
29.2454,1.51649,-20.7758,15.7452,-1.68,-30.9073,48.1
29.2422,1.51925,-20.7794,15.72,-1.64454,-30.9097,48.2
29.239,1.52202,-20.783,15.6947,-1.60904,-30.9122,48.3
29.2358,1.52478,-20.7865,15.6695,-1.5735,-30.9145,48.4
29.2326,1.52754,-20.79,15.6442,-1.53794,-30.9169,48.5
29.2294,1.5303,-20.7935,15.6189,-1.50234,-30.9192,48.6
29.2262,1.53306,-20.797,15.5936,-1.46671,-30.9214,48.7
29.223,1.53581,-20.8004,15.5683,-1.43105,-30.9236,48.8
29.2197,1.53856,-20.8037,15.543,-1.39535,-30.9258,48.9
29.2165,1.5413,-20.8071,15.5177,-1.35962,-30.9279,49
29.2133,1.54405,-20.8104,15.4923,-1.32386,-30.93,49.1
29.21,1.54679,-20.8136,15.467,-1.28806,-30.9321,49.2
29.2067,1.54953,-20.8168,15.4416,-1.25223,-30.9341,49.3
29.2035,1.55226,-20.82,15.4162,-1.21637,-30.9361,49.4
29.2002,1.555,-20.8232,15.3908,-1.18048,-30.938,49.5
29.1969,1.55773,-20.8263,15.3654,-1.14455,-30.9399,49.6
29.1936,1.56046,-20.8293,15.34,-1.10859,-30.9418,49.7
29.1903,1.56318,-20.8324,15.3145,-1.0726,-30.9436,49.8
29.187,1.56591,-20.8354,15.2891,-1.03657,-30.9453,49.9
29.1837,1.56863,-20.8383,15.2636,-1.00051,-30.9471,50
29.1804,1.57134,-20.8412,15.2381,-0.96442,-30.9488,50.1
29.1771,1.57406,-20.8441,15.2126,-0.928295,-30.9504,50.2
29.1737,1.57677,-20.847,15.1871,-0.892136,-30.952,50.3
29.1704,1.57948,-20.8498,15.1616,-0.855945,-30.9536,50.4
29.1671,1.58218,-20.8525,15.136,-0.819721,-30.9551,50.5
29.1637,1.58489,-20.8553,15.1105,-0.783463,-30.9566,50.6
29.1604,1.58759,-20.858,15.0849,-0.747173,-30.958,50.7
29.157,1.59029,-20.8606,15.0593,-0.710849,-30.9594,50.8
29.1536,1.59298,-20.8632,15.0338,-0.674493,-30.9608,50.9
29.1502,1.59567,-20.8658,15.0082,-0.638103,-30.9621,51
29.1468,1.59836,-20.8684,14.9825,-0.60168,-30.9634,51.1
29.1434,1.60105,-20.8709,14.9569,-0.565225,-30.9646,51.2
29.14,1.60373,-20.8733,14.9313,-0.528736,-30.9658,51.3
29.1366,1.60641,-20.8758,14.9056,-0.492214,-30.967,51.4
29.1332,1.60909,-20.8782,14.8799,-0.455659,-30.9681,51.5
29.1298,1.61177,-20.8805,14.8543,-0.419071,-30.9691,51.6
29.1264,1.61444,-20.8828,14.8286,-0.38245,-30.9702,51.7
29.1229,1.61711,-20.8851,14.8028,-0.345795,-30.9711,51.8
29.1195,1.61977,-20.8874,14.7771,-0.309108,-30.9721,51.9
29.116,1.62244,-20.8896,14.7514,-0.272387,-30.973,52
29.1126,1.6251,-20.8917,14.7256,-0.235634,-30.9738,52.1
29.1091,1.62776,-20.8939,14.6999,-0.198847,-30.9747,52.2
29.1056,1.63041,-20.8959,14.6741,-0.162027,-30.9754,52.3
29.1022,1.63306,-20.898,14.6483,-0.125174,-30.9762,52.4
29.0987,1.63571,-20.9,14.6225,-0.0882874,-30.9768,52.5
29.0952,1.63836,-20.902,14.5967,-0.0513679,-30.9775,52.6
29.0917,1.641,-20.9039,14.5709,-0.0144153,-30.9781,52.7
29.0882,1.64364,-20.9058,14.545,0.0225705,-30.9787,52.8
29.0846,1.64628,-20.9077,14.5192,0.0595894,-30.9792,52.9
29.0811,1.64891,-20.9095,14.4933,0.0966416,-30.9796,53
29.0776,1.65154,-20.9113,14.4674,0.133727,-30.9801,53.1
29.0741,1.65417,-20.9131,14.4415,0.170846,-30.9805,53.2
29.0705,1.6568,-20.9148,14.4156,0.207997,-30.9808,53.3
29.067,1.65942,-20.9164,14.3897,0.245182,-30.9811,53.4
29.0634,1.66204,-20.9181,14.3638,0.282401,-30.9814,53.5
29.0598,1.66465,-20.9197,14.3378,0.319652,-30.9816,53.6
29.0563,1.66727,-20.9212,14.3119,0.356937,-30.9818,53.7
29.0527,1.66988,-20.9227,14.2859,0.394255,-30.9819,53.8
29.0491,1.67248,-20.9242,14.2599,0.431606,-30.982,53.9
29.0455,1.67509,-20.9257,14.2339,0.46899,-30.982,54
29.0419,1.67769,-20.9271,14.2079,0.506408,-30.982,54.1
29.0383,1.68028,-20.9284,14.1819,0.543859,-30.982,54.2
29.0347,1.68288,-20.9298,14.1559,0.581343,-30.9819,54.3
29.0311,1.68547,-20.9311,14.1298,0.618861,-30.9818,54.4
29.0274,1.68806,-20.9323,14.1038,0.656411,-30.9816,54.5
29.0238,1.69064,-20.9335,14.0777,0.693995,-30.9814,54.6
29.0201,1.69323,-20.9347,14.0516,0.731613,-30.9811,54.7
29.0165,1.69581,-20.9358,14.0255,0.769263,-30.9808,54.8
29.0128,1.69838,-20.9369,13.9994,0.806947,-30.9804,54.9
29.0092,1.70095,-20.938,13.9733,0.844665,-30.98,55
29.0055,1.70352,-20.939,13.9472,0.882415,-30.9796,55.1
29.0018,1.70609,-20.94,13.921,0.920199,-30.9791,55.2
28.9981,1.70865,-20.941,13.8948,0.958017,-30.9786,55.3
28.9944,1.71121,-20.9419,13.8687,0.995867,-30.978,55.4
28.9907,1.71377,-20.9427,13.8425,1.03375,-30.9774,55.5
28.987,1.71632,-20.9436,13.8163,1.07167,-30.9767,55.6
28.9833,1.71887,-20.9444,13.7901,1.10962,-30.976,55.7
28.9796,1.72142,-20.9451,13.7639,1.1476,-30.9753,55.8
28.9759,1.72396,-20.9458,13.7376,1.18562,-30.9745,55.9
28.9721,1.7265,-20.9465,13.7114,1.22367,-30.9736,56
28.9684,1.72904,-20.9471,13.6851,1.26176,-30.9727,56.1
28.9646,1.73158,-20.9477,13.6588,1.29987,-30.9718,56.2
28.9609,1.73411,-20.9483,13.6326,1.33803,-30.9708,56.3
28.9571,1.73663,-20.9488,13.6063,1.37621,-30.9698,56.4
28.9533,1.73916,-20.9493,13.5799,1.41443,-30.9687,56.5
28.9495,1.74168,-20.9497,13.5536,1.45268,-30.9676,56.6
28.9458,1.7442,-20.9501,13.5273,1.49096,-30.9665,56.7
28.942,1.74671,-20.9505,13.5009,1.52928,-30.9653,56.8
28.9382,1.74922,-20.9508,13.4746,1.56763,-30.964,56.9
28.9343,1.75173,-20.9511,13.4482,1.60602,-30.9627,57
28.9305,1.75423,-20.9514,13.4218,1.64444,-30.9614,57.1
28.9267,1.75673,-20.9516,13.3954,1.68289,-30.96,57.2
28.9229,1.75923,-20.9517,13.369,1.72137,-30.9586,57.3
28.919,1.76173,-20.9519,13.3426,1.75989,-30.9571,57.4
28.9152,1.76422,-20.952,13.3162,1.79845,-30.9555,57.5
28.9113,1.7667,-20.952,13.2897,1.83703,-30.954,57.6
28.9075,1.76919,-20.952,13.2633,1.87565,-30.9524,57.7
28.9036,1.77167,-20.952,13.2368,1.9143,-30.9507,57.8
28.8997,1.77414,-20.9519,13.2103,1.95299,-30.949,57.9
28.8959,1.77662,-20.9518,13.1838,1.99171,-30.9472,58
28.892,1.77909,-20.9517,13.1573,2.03046,-30.9454,58.1
28.8881,1.78155,-20.9515,13.1308,2.06925,-30.9436,58.2
28.8842,1.78402,-20.9513,13.1043,2.10807,-30.9417,58.3
28.8803,1.78648,-20.951,13.0777,2.14693,-30.9397,58.4
28.8763,1.78893,-20.9507,13.0512,2.18581,-30.9377,58.5
28.8724,1.79139,-20.9504,13.0246,2.22473,-30.9357,58.6
28.8685,1.79384,-20.95,12.998,2.26369,-30.9336,58.7
28.8645,1.79628,-20.9496,12.9714,2.30268,-30.9315,58.8
28.8606,1.79872,-20.9492,12.9448,2.3417,-30.9293,58.9
28.8566,1.80116,-20.9487,12.9182,2.38075,-30.9271,59
28.8527,1.8036,-20.9481,12.8916,2.41984,-30.9248,59.1
28.8487,1.80603,-20.9475,12.865,2.45897,-30.9225,59.2
28.8447,1.80846,-20.9469,12.8383,2.49812,-30.9201,59.3
28.8407,1.81088,-20.9463,12.8116,2.53731,-30.9177,59.4
28.8367,1.8133,-20.9456,12.785,2.57654,-30.9152,59.5
28.8327,1.81572,-20.9449,12.7583,2.61579,-30.9127,59.6
28.8287,1.81813,-20.9441,12.7316,2.65508,-30.9101,59.7
28.8247,1.82054,-20.9433,12.7049,2.69441,-30.9075,59.8
28.8207,1.82295,-20.9424,12.6782,2.73377,-30.9049,59.9
28.8167,1.82535,-20.9415,12.6514,2.77316,-30.9022,60
28.8126,1.82775,-20.9406,12.6247,2.81258,-30.8994,60.1
28.8086,1.83015,-20.9396,12.5979,2.85204,-30.8966,60.2
28.8045,1.83254,-20.9386,12.5712,2.89153,-30.8937,60.3
28.8005,1.83492,-20.9376,12.5444,2.93106,-30.8908,60.4
28.7964,1.83731,-20.9365,12.5176,2.97062,-30.8879,60.5
28.7924,1.83969,-20.9354,12.4908,3.01021,-30.8849,60.6
28.7883,1.84207,-20.9342,12.464,3.04984,-30.8818,60.7
28.7842,1.84444,-20.933,12.4371,3.0895,-30.8788,60.8
28.7801,1.84681,-20.9317,12.4103,3.1292,-30.8756,60.9
28.776,1.84917,-20.9304,12.3834,3.16893,-30.8724,61
28.7719,1.85154,-20.9291,12.3566,3.20869,-30.8692,61.1
28.7678,1.85389,-20.9278,12.3297,3.24848,-30.8659,61.2
28.7636,1.85625,-20.9263,12.3028,3.28831,-30.8625,61.3
28.7595,1.8586,-20.9249,12.2759,3.32818,-30.8591,61.4
28.7554,1.86095,-20.9234,12.249,3.36807,-30.8557,61.5
28.7512,1.86329,-20.9219,12.2221,3.408,-30.8522,61.6
28.7471,1.86563,-20.9203,12.1952,3.44797,-30.8487,61.7
28.7429,1.86796,-20.9187,12.1682,3.48797,-30.8451,61.8
28.7387,1.87029,-20.9171,12.1413,3.528,-30.8414,61.9
28.7346,1.87262,-20.9154,12.1143,3.56806,-30.8378,62
28.7304,1.87495,-20.9136,12.0873,3.60816,-30.834,62.1
28.7262,1.87727,-20.9119,12.0604,3.6483,-30.8302,62.2
28.722,1.87958,-20.9101,12.0334,3.68846,-30.8264,62.3
28.7178,1.88189,-20.9082,12.0063,3.72867,-30.8225,62.4
28.7136,1.8842,-20.9063,11.9793,3.7689,-30.8186,62.5
28.7094,1.88651,-20.9044,11.9523,3.80917,-30.8146,62.6
28.7051,1.88881,-20.9024,11.9252,3.84947,-30.8105,62.7
28.7009,1.8911,-20.9004,11.8982,3.88981,-30.8064,62.8
28.6967,1.89339,-20.8984,11.8711,3.93018,-30.8023,62.9
28.6924,1.89568,-20.8963,11.844,3.97058,-30.7981,63
28.6882,1.89797,-20.8942,11.817,4.01102,-30.7938,63.1
28.6839,1.90025,-20.892,11.7899,4.05149,-30.7895,63.2
28.6796,1.90252,-20.8898,11.7627,4.092,-30.7852,63.3
28.6753,1.9048,-20.8875,11.7356,4.13253,-30.7808,63.4
28.6711,1.90707,-20.8852,11.7085,4.17311,-30.7764,63.5
28.6668,1.90933,-20.8829,11.6813,4.21371,-30.7719,63.6
28.6625,1.91159,-20.8805,11.6542,4.25436,-30.7673,63.7
28.6581,1.91385,-20.8781,11.627,4.29503,-30.7627,63.8
28.6538,1.9161,-20.8757,11.5998,4.33574,-30.758,63.9
28.6495,1.91835,-20.8732,11.5726,4.37648,-30.7533,64
28.6452,1.92059,-20.8706,11.5454,4.41726,-30.7486,64.1
28.6408,1.92283,-20.868,11.5182,4.45807,-30.7438,64.2
28.6365,1.92507,-20.8654,11.491,4.49891,-30.7389,64.3
28.6321,1.9273,-20.8628,11.4638,4.53979,-30.734,64.4
28.6278,1.92952,-20.8601,11.4365,4.5807,-30.729,64.5
28.6234,1.93175,-20.8573,11.4093,4.62165,-30.724,64.6
28.619,1.93397,-20.8545,11.382,4.66263,-30.7189,64.7
28.6146,1.93618,-20.8517,11.3547,4.70364,-30.7138,64.8
28.6103,1.93839,-20.8489,11.3274,4.74469,-30.7086,64.9
28.6059,1.9406,-20.846,11.3001,4.78577,-30.7034,65
28.6015,1.9428,-20.843,11.2728,4.82689,-30.6981,65.1
28.597,1.945,-20.84,11.2455,4.86803,-30.6927,65.2
28.5926,1.94719,-20.837,11.2182,4.90922,-30.6873,65.3
28.5882,1.94938,-20.8339,11.1908,4.95044,-30.6819,65.4
28.5838,1.95157,-20.8308,11.1635,4.99169,-30.6764,65.5
28.5793,1.95375,-20.8277,11.1361,5.03297,-30.6708,65.6
28.5749,1.95593,-20.8245,11.1087,5.07429,-30.6652,65.7
28.5704,1.9581,-20.8213,11.0814,5.11564,-30.6596,65.8
28.5659,1.96027,-20.818,11.054,5.15703,-30.6539,65.9
28.5615,1.96243,-20.8147,11.0266,5.19845,-30.6481,66
28.557,1.96459,-20.8113,10.9991,5.23991,-30.6423,66.1
28.5525,1.96675,-20.8079,10.9717,5.2814,-30.6364,66.2
28.548,1.9689,-20.8045,10.9443,5.32292,-30.6305,66.3
28.5435,1.97104,-20.801,10.9168,5.36448,-30.6245,66.4
28.539,1.97319,-20.7975,10.8894,5.40607,-30.6184,66.5
28.5345,1.97532,-20.7939,10.8619,5.44769,-30.6123,66.6
28.5299,1.97746,-20.7903,10.8344,5.48935,-30.6062,66.7
28.5254,1.97959,-20.7867,10.8069,5.53105,-30.6,66.8
28.5209,1.98171,-20.783,10.7794,5.57277,-30.5937,66.9
28.5163,1.98383,-20.7793,10.7519,5.61454,-30.5874,67
28.5118,1.98595,-20.7755,10.7244,5.65633,-30.5811,67.1
28.5072,1.98806,-20.7717,10.6968,5.69816,-30.5746,67.2
28.5026,1.99016,-20.7678,10.6693,5.74002,-30.5682,67.3
28.498,1.99227,-20.7639,10.6417,5.78192,-30.5616,67.4
28.4935,1.99436,-20.76,10.6142,5.82385,-30.555,67.5
28.4889,1.99646,-20.756,10.5866,5.86582,-30.5484,67.6
28.4843,1.99855,-20.752,10.559,5.90782,-30.5417,67.7
28.4796,2.00063,-20.7479,10.5314,5.94985,-30.5349,67.8
28.475,2.00271,-20.7438,10.5038,5.99192,-30.5281,67.9
28.4704,2.00478,-20.7397,10.4762,6.03402,-30.5212,68
28.4658,2.00685,-20.7355,10.4486,6.07616,-30.5143,68.1
28.4611,2.00892,-20.7313,10.4209,6.11833,-30.5073,68.2
28.4565,2.01098,-20.727,10.3933,6.16053,-30.5003,68.3
28.4518,2.01304,-20.7227,10.3656,6.20277,-30.4932,68.4
28.4472,2.01509,-20.7184,10.3379,6.24504,-30.4861,68.5
28.4425,2.01714,-20.714,10.3103,6.28735,-30.4788,68.6
28.4378,2.01918,-20.7095,10.2826,6.32969,-30.4716,68.7
28.4331,2.02122,-20.705,10.2549,6.37207,-30.4643,68.8
28.4284,2.02325,-20.7005,10.2272,6.41448,-30.4569,68.9
28.4237,2.02528,-20.696,10.1995,6.45692,-30.4494,69
28.419,2.0273,-20.6914,10.1717,6.4994,-30.4419,69.1
28.4143,2.02932,-20.6867,10.144,6.54191,-30.4344,69.2
28.4096,2.03133,-20.682,10.1162,6.58445,-30.4268,69.3
28.4049,2.03334,-20.6773,10.0885,6.62703,-30.4191,69.4
28.4001,2.03535,-20.6725,10.0607,6.66965,-30.4114,69.5
28.3954,2.03735,-20.6677,10.0329,6.71229,-30.4036,69.6
28.3906,2.03934,-20.6628,10.0051,6.75498,-30.3958,69.7
28.3859,2.04133,-20.6579,9.97734,6.79769,-30.3879,69.8
28.3811,2.04332,-20.653,9.94953,6.84044,-30.3799,69.9
28.3763,2.0453,-20.648,9.92171,6.88323,-30.3719,70
28.3715,2.04727,-20.643,9.89388,6.92604,-30.3638,70.1
28.3667,2.04924,-20.6379,9.86604,6.9689,-30.3557,70.2
28.3619,2.05121,-20.6328,9.83819,7.01178,-30.3475,70.3
28.3571,2.05317,-20.6276,9.81033,7.05471,-30.3393,70.4
28.3523,2.05513,-20.6224,9.78246,7.09766,-30.3309,70.5
28.3475,2.05708,-20.6172,9.75458,7.14065,-30.3226,70.6
28.3427,2.05902,-20.6119,9.72669,7.18367,-30.3142,70.7
28.3378,2.06096,-20.6066,9.6988,7.22673,-30.3057,70.8
28.333,2.0629,-20.6012,9.67089,7.26982,-30.2971,70.9
28.3281,2.06483,-20.5958,9.64297,7.31295,-30.2885,71
28.3233,2.06676,-20.5904,9.61504,7.35611,-30.2798,71.1
28.3184,2.06868,-20.5849,9.58711,7.3993,-30.2711,71.2
28.3135,2.0706,-20.5793,9.55916,7.44253,-30.2623,71.3
28.3086,2.07251,-20.5737,9.5312,7.4858,-30.2535,71.4
28.3037,2.07441,-20.5681,9.50324,7.52909,-30.2446,71.5
28.2988,2.07631,-20.5624,9.47526,7.57243,-30.2356,71.6
28.2939,2.07821,-20.5567,9.44728,7.61579,-30.2266,71.7
28.289,2.0801,-20.551,9.41928,7.65919,-30.2175,71.8
28.2841,2.08198,-20.5452,9.39128,7.70262,-30.2083,71.9
28.2792,2.08386,-20.5393,9.36327,7.74609,-30.1991,72
28.2742,2.08574,-20.5335,9.33524,7.78959,-30.1899,72.1
28.2693,2.08761,-20.5275,9.30721,7.83313,-30.1805,72.2
28.2643,2.08947,-20.5216,9.27917,7.8767,-30.1711,72.3
28.2594,2.09133,-20.5155,9.25112,7.92031,-30.1617,72.4
28.2544,2.09319,-20.5095,9.22306,7.96395,-30.1522,72.5
28.2494,2.09504,-20.5034,9.19499,8.00762,-30.1426,72.6
28.2444,2.09688,-20.4973,9.16691,8.05133,-30.1329,72.7
28.2394,2.09872,-20.4911,9.13882,8.09507,-30.1232,72.8
28.2344,2.10055,-20.4848,9.11072,8.13884,-30.1135,72.9
28.2294,2.10238,-20.4786,9.08261,8.18265,-30.1037,73
28.2244,2.1042,-20.4723,9.05449,8.2265,-30.0938,73.1
28.2194,2.10602,-20.4659,9.02637,8.27038,-30.0838,73.2
28.2144,2.10783,-20.4595,8.99823,8.31429,-30.0738,73.3
28.2093,2.10964,-20.453,8.97009,8.35824,-30.0637,73.4
28.2043,2.11144,-20.4466,8.94193,8.40222,-30.0536,73.5
28.1992,2.11324,-20.44,8.91377,8.44623,-30.0434,73.6
28.1942,2.11503,-20.4334,8.8856,8.49028,-30.0331,73.7
28.1891,2.11681,-20.4268,8.85742,8.53437,-30.0228,73.8
28.184,2.11859,-20.4202,8.82923,8.57849,-30.0124,73.9
28.1789,2.12037,-20.4135,8.80103,8.62264,-30.0019,74
28.1738,2.12214,-20.4067,8.77282,8.66683,-29.9914,74.1
28.1687,2.1239,-20.3999,8.7446,8.71105,-29.9808,74.2
28.1636,2.12566,-20.3931,8.71637,8.7553,-29.9702,74.3
28.1585,2.12741,-20.3862,8.68814,8.79959,-29.9595,74.4
28.1534,2.12916,-20.3793,8.65989,8.84391,-29.9487,74.5
28.1482,2.1309,-20.3723,8.63164,8.88827,-29.9378,74.6
28.1431,2.13263,-20.3653,8.60338,8.93266,-29.9269,74.7
28.138,2.13436,-20.3582,8.57511,8.97709,-29.916,74.8
28.1328,2.13609,-20.3511,8.54683,9.02155,-29.9049,74.9
28.1276,2.13781,-20.344,8.51854,9.06604,-29.8938,75
28.1225,2.13952,-20.3368,8.49024,9.11057,-29.8827,75.1
28.1173,2.14123,-20.3295,8.46193,9.15514,-29.8714,75.2
28.1121,2.14293,-20.3223,8.43362,9.19973,-29.8601,75.3
28.1069,2.14462,-20.3149,8.40529,9.24437,-29.8488,75.4
28.1017,2.14632,-20.3076,8.37696,9.28903,-29.8373,75.5
28.0965,2.148,-20.3002,8.34862,9.33373,-29.8258,75.6
28.0913,2.14968,-20.2927,8.32027,9.37846,-29.8143,75.7
28.086,2.15135,-20.2852,8.29191,9.42323,-29.8026,75.8
28.0808,2.15302,-20.2777,8.26354,9.46803,-29.7909,75.9
28.0756,2.15468,-20.2701,8.23516,9.51287,-29.7792,76
28.0703,2.15634,-20.2624,8.20678,9.55774,-29.7674,76.1
28.0651,2.15799,-20.2548,8.17838,9.60265,-29.7555,76.2
28.0598,2.15963,-20.247,8.14998,9.64759,-29.7435,76.3
28.0545,2.16127,-20.2393,8.12157,9.69256,-29.7315,76.4
28.0492,2.1629,-20.2315,8.09315,9.73757,-29.7194,76.5
28.0439,2.16453,-20.2236,8.06472,9.78261,-29.7072,76.6
28.0386,2.16615,-20.2157,8.03628,9.82768,-29.695,76.7
28.0333,2.16776,-20.2078,8.00784,9.87279,-29.6827,76.8
28.028,2.16937,-20.1998,7.97939,9.91794,-29.6703,76.9
28.0227,2.17097,-20.1917,7.95092,9.96312,-29.6579,77
28.0174,2.17257,-20.1837,7.92245,10.0083,-29.6454,77.1
28.012,2.17416,-20.1755,7.89397,10.0536,-29.6328,77.2
28.0067,2.17575,-20.1674,7.86549,10.0989,-29.6202,77.3
28.0013,2.17732,-20.1591,7.83699,10.1442,-29.6075,77.4
27.996,2.1789,-20.1509,7.80849,10.1895,-29.5947,77.5
27.9906,2.18046,-20.1426,7.77998,10.2349,-29.5818,77.6
27.9852,2.18202,-20.1342,7.75145,10.2803,-29.5689,77.7
27.9798,2.18358,-20.1258,7.72293,10.3258,-29.5559,77.8
27.9745,2.18513,-20.1174,7.69439,10.3713,-29.5429,77.9
27.9691,2.18667,-20.1089,7.66584,10.4168,-29.5297,78
27.9636,2.1882,-20.1004,7.63729,10.4623,-29.5166,78.1
27.9582,2.18973,-20.0918,7.60873,10.5079,-29.5033,78.2
27.9528,2.19126,-20.0832,7.58016,10.5535,-29.4899,78.3
27.9474,2.19277,-20.0745,7.55158,10.5992,-29.4765,78.4
27.9419,2.19428,-20.0658,7.523,10.6449,-29.4631,78.5
27.9365,2.19579,-20.0571,7.4944,10.6906,-29.4495,78.6
27.931,2.19729,-20.0483,7.4658,10.7364,-29.4359,78.7
27.9256,2.19878,-20.0394,7.43719,10.7822,-29.4222,78.8
27.9201,2.20027,-20.0305,7.40857,10.828,-29.4084,78.9
27.9146,2.20174,-20.0216,7.37995,10.8739,-29.3946,79
27.9091,2.20322,-20.0126,7.35131,10.9197,-29.3807,79.1
27.9036,2.20468,-20.0036,7.32267,10.9657,-29.3667,79.2
27.8981,2.20614,-19.9945,7.29402,11.0116,-29.3527,79.3
27.8926,2.2076,-19.9854,7.26537,11.0576,-29.3386,79.4
27.8871,2.20905,-19.9762,7.2367,11.1037,-29.3244,79.5
27.8816,2.21049,-19.967,7.20803,11.1497,-29.3101,79.6
27.876,2.21192,-19.9577,7.17935,11.1958,-29.2958,79.7
27.8705,2.21335,-19.9484,7.15066,11.242,-29.2814,79.8
27.8649,2.21477,-19.9391,7.12196,11.2881,-29.2669,79.9
27.8594,2.21618,-19.9297,7.09326,11.3343,-29.2523,80
27.8538,2.21759,-19.9203,7.06455,11.3806,-29.2377,80.1
27.8482,2.21899,-19.9108,7.03583,11.4268,-29.223,80.2
27.8426,2.22039,-19.9012,7.0071,11.4731,-29.2082,80.3
27.8371,2.22178,-19.8917,6.97836,11.5195,-29.1934,80.4
27.8315,2.22316,-19.882,6.94962,11.5658,-29.1784,80.5
27.8259,2.22453,-19.8724,6.92087,11.6122,-29.1634,80.6
27.8202,2.2259,-19.8626,6.89211,11.6587,-29.1484,80.7
27.8146,2.22726,-19.8529,6.86335,11.7052,-29.1332,80.8
27.809,2.22862,-19.8431,6.83458,11.7517,-29.118,80.9
27.8033,2.22997,-19.8332,6.8058,11.7982,-29.1027,81
27.7977,2.23131,-19.8233,6.77701,11.8448,-29.0873,81.1
27.792,2.23264,-19.8134,6.74822,11.8914,-29.0719,81.2
27.7864,2.23397,-19.8034,6.71941,11.938,-29.0563,81.3
27.7807,2.23529,-19.7933,6.6906,11.9847,-29.0407,81.4
27.775,2.23661,-19.7832,6.66179,12.0314,-29.0251,81.5
27.7693,2.23791,-19.7731,6.63296,12.0781,-29.0093,81.6
27.7636,2.23921,-19.7629,6.60413,12.1249,-28.9935,81.7
27.7579,2.24051,-19.7527,6.57529,12.1717,-28.9776,81.8
27.7522,2.24179,-19.7424,6.54645,12.2186,-28.9616,81.9
27.7465,2.24307,-19.7321,6.51759,12.2655,-28.9455,82
27.7408,2.24435,-19.7217,6.48873,12.3124,-28.9294,82.1
27.735,2.24561,-19.7113,6.45986,12.3593,-28.9132,82.2
27.7293,2.24687,-19.7008,6.43099,12.4063,-28.8969,82.3
27.7235,2.24812,-19.6903,6.40211,12.4533,-28.8805,82.4
27.7178,2.24936,-19.6798,6.37322,12.5004,-28.8641,82.5
27.712,2.2506,-19.6692,6.34432,12.5474,-28.8476,82.6
27.7062,2.25183,-19.6585,6.31542,12.5945,-28.831,82.7
27.7005,2.25305,-19.6478,6.28651,12.6417,-28.8143,82.8
27.6947,2.25427,-19.6371,6.25759,12.6889,-28.7975,82.9
27.6889,2.25548,-19.6263,6.22867,12.7361,-28.7807,83
27.6831,2.25668,-19.6155,6.19974,12.7833,-28.7638,83.1
27.6772,2.25787,-19.6046,6.1708,12.8306,-28.7468,83.2
27.6714,2.25906,-19.5936,6.14185,12.8779,-28.7297,83.3
27.6656,2.26024,-19.5827,6.1129,12.9253,-28.7125,83.4
27.6597,2.26141,-19.5716,6.08394,12.9727,-28.6953,83.5
27.6539,2.26258,-19.5606,6.05498,13.0201,-28.678,83.6
27.648,2.26373,-19.5494,6.026,13.0675,-28.6606,83.7
27.6422,2.26488,-19.5383,5.99703,13.115,-28.6431,83.8
27.6363,2.26603,-19.527,5.96804,13.1625,-28.6255,83.9
27.6304,2.26716,-19.5158,5.93905,13.2101,-28.6079,84
27.6245,2.26829,-19.5045,5.91005,13.2577,-28.5902,84.1
27.6186,2.26941,-19.4931,5.88104,13.3053,-28.5724,84.2
27.6127,2.27052,-19.4817,5.85203,13.3529,-28.5545,84.3
27.6068,2.27163,-19.4702,5.82301,13.4006,-28.5365,84.4
27.6009,2.27273,-19.4587,5.79399,13.4483,-28.5185,84.5
27.595,2.27382,-19.4472,5.76495,13.4961,-28.5003,84.6
27.589,2.2749,-19.4356,5.73592,13.5439,-28.4821,84.7
27.5831,2.27597,-19.4239,5.70687,13.5917,-28.4638,84.8
27.5771,2.27704,-19.4122,5.67782,13.6395,-28.4454,84.9
27.5711,2.2781,-19.4005,5.64876,13.6874,-28.427,85
27.5652,2.27915,-19.3887,5.6197,13.7353,-28.4084,85.1
27.5592,2.2802,-19.3769,5.59063,13.7833,-28.3898,85.2
27.5532,2.28123,-19.365,5.56155,13.8313,-28.3711,85.3
27.5472,2.28226,-19.353,5.53246,13.8793,-28.3523,85.4
27.5412,2.28328,-19.3411,5.50338,13.9273,-28.3334,85.5
27.5352,2.2843,-19.329,5.47428,13.9754,-28.3145,85.6
27.5292,2.2853,-19.3169,5.44518,14.0235,-28.2954,85.7
27.5232,2.2863,-19.3048,5.41607,14.0717,-28.2763,85.8
27.5171,2.28729,-19.2926,5.38695,14.1198,-28.257,85.9
27.5111,2.28827,-19.2804,5.35783,14.1681,-28.2377,86
27.505,2.28924,-19.2681,5.32871,14.2163,-28.2183,86.1
27.499,2.29021,-19.2558,5.29957,14.2646,-28.1989,86.2
27.4929,2.29116,-19.2434,5.27043,14.3129,-28.1793,86.3
27.4868,2.29211,-19.231,5.24129,14.3612,-28.1597,86.4
27.4807,2.29306,-19.2186,5.21214,14.4096,-28.1399,86.5
27.4746,2.29399,-19.206,5.18298,14.458,-28.1201,86.6
27.4685,2.29491,-19.1935,5.15382,14.5065,-28.1002,86.7
27.4624,2.29583,-19.1809,5.12465,14.555,-28.0802,86.8
27.4563,2.29674,-19.1682,5.09547,14.6035,-28.0601,86.9
27.4502,2.29764,-19.1555,5.06629,14.652,-28.0399,87
27.4441,2.29853,-19.1427,5.03711,14.7006,-28.0197,87.1
27.4379,2.29942,-19.1299,5.00791,14.7492,-27.9993,87.2
27.4318,2.30029,-19.117,4.97871,14.7978,-27.9789,87.3
27.4256,2.30116,-19.1041,4.94951,14.8465,-27.9583,87.4
27.4194,2.30202,-19.0912,4.9203,14.8952,-27.9377,87.5
27.4133,2.30287,-19.0782,4.89109,14.9439,-27.917,87.6
27.4071,2.30371,-19.0651,4.86186,14.9927,-27.8962,87.7
27.4009,2.30455,-19.052,4.83264,15.0415,-27.8753,87.8
27.3947,2.30537,-19.0389,4.8034,15.0903,-27.8544,87.9
27.3885,2.30619,-19.0256,4.77417,15.1392,-27.8333,88
27.3823,2.307,-19.0124,4.74492,15.1881,-27.8121,88.1
27.376,2.3078,-18.9991,4.71567,15.237,-27.7909,88.2
27.3698,2.30859,-18.9857,4.68642,15.286,-27.7695,88.3
27.3636,2.30937,-18.9723,4.65716,15.335,-27.7481,88.4
27.3573,2.31015,-18.9589,4.62789,15.384,-27.7266,88.5
27.3511,2.31091,-18.9454,4.59862,15.4331,-27.705,88.6
27.3448,2.31167,-18.9318,4.56935,15.4822,-27.6833,88.7
27.3385,2.31242,-18.9182,4.54007,15.5313,-27.6615,88.8
27.3322,2.31316,-18.9046,4.51078,15.5805,-27.6396,88.9
27.326,2.31389,-18.8909,4.48149,15.6297,-27.6176,89
27.3197,2.31461,-18.8771,4.45219,15.6789,-27.5955,89.1
27.3134,2.31532,-18.8633,4.42289,15.7281,-27.5733,89.2
27.307,2.31603,-18.8495,4.39358,15.7774,-27.5511,89.3
27.3007,2.31672,-18.8356,4.36427,15.8267,-27.5287,89.4
27.2944,2.31741,-18.8216,4.33495,15.8761,-27.5063,89.5
27.2881,2.31809,-18.8076,4.30562,15.9255,-27.4837,89.6
27.2817,2.31876,-18.7935,4.2763,15.9749,-27.4611,89.7
27.2754,2.31941,-18.7794,4.24696,16.0243,-27.4383,89.8
27.269,2.32007,-18.7653,4.21762,16.0738,-27.4155,89.9
27.2626,2.32071,-18.7511,4.18828,16.1233,-27.3926,90
27.2562,2.32134,-18.7368,4.15893,16.1728,-27.3695,90.1
27.2499,2.32196,-18.7225,4.12958,16.2224,-27.3464,90.2
27.2435,2.32258,-18.7082,4.10022,16.272,-27.3232,90.3
27.2371,2.32318,-18.6938,4.07086,16.3216,-27.2999,90.4
27.2306,2.32378,-18.6793,4.04149,16.3713,-27.2765,90.5
27.2242,2.32436,-18.6648,4.01212,16.421,-27.253,90.6
27.2178,2.32494,-18.6502,3.98274,16.4707,-27.2294,90.7
27.2114,2.32551,-18.6356,3.95336,16.5205,-27.2056,90.8
27.2049,2.32607,-18.621,3.92397,16.5703,-27.1818,90.9
27.1985,2.32661,-18.6063,3.89458,16.6201,-27.1579,91
27.192,2.32715,-18.5915,3.86518,16.6699,-27.1339,91.1
27.1855,2.32768,-18.5767,3.83578,16.7198,-27.1098,91.2
27.179,2.3282,-18.5618,3.80638,16.7697,-27.0856,91.3
27.1726,2.32871,-18.5469,3.77697,16.8197,-27.0613,91.4
27.1661,2.32922,-18.5319,3.74755,16.8696,-27.0369,91.5
27.1596,2.32971,-18.5169,3.71814,16.9196,-27.0124,91.6
27.1531,2.33019,-18.5019,3.68871,16.9697,-26.9878,91.7
27.1465,2.33066,-18.4867,3.65929,17.0197,-26.9631,91.8
27.14,2.33113,-18.4716,3.62985,17.0698,-26.9383,91.9
27.1335,2.33158,-18.4563,3.60042,17.12,-26.9134,92
27.1269,2.33202,-18.4411,3.57098,17.1701,-26.8884,92.1
27.1204,2.33246,-18.4257,3.54153,17.2203,-26.8633,92.2
27.1138,2.33288,-18.4104,3.51208,17.2705,-26.8381,92.3
27.1073,2.33329,-18.3949,3.48263,17.3208,-26.8128,92.4
27.1007,2.3337,-18.3795,3.45317,17.3711,-26.7874,92.5
27.0941,2.33409,-18.3639,3.42371,17.4214,-26.7618,92.6
27.0875,2.33447,-18.3483,3.39425,17.4717,-26.7362,92.7
27.0809,2.33485,-18.3327,3.36478,17.5221,-26.7105,92.8
27.0743,2.33521,-18.317,3.3353,17.5725,-26.6846,92.9
27.0677,2.33557,-18.3013,3.30582,17.6229,-26.6587,93
27.0611,2.33591,-18.2855,3.27634,17.6734,-26.6327,93.1
27.0544,2.33624,-18.2696,3.24686,17.7238,-26.6065,93.2
27.0478,2.33657,-18.2537,3.21737,17.7744,-26.5803,93.3
27.0411,2.33688,-18.2378,3.18787,17.8249,-26.5539,93.4
27.0345,2.33718,-18.2218,3.15838,17.8755,-26.5274,93.5
27.0278,2.33748,-18.2057,3.12888,17.9261,-26.5008,93.6
27.0211,2.33776,-18.1896,3.09937,17.9767,-26.4742,93.7
27.0144,2.33803,-18.1735,3.06986,18.0274,-26.4474,93.8
27.0078,2.33829,-18.1573,3.04035,18.0781,-26.4205,93.9
27.0011,2.33854,-18.141,3.01084,18.1288,-26.3935,94
26.9944,2.33878,-18.1247,2.98132,18.1796,-26.3664,94.1
26.9876,2.33901,-18.1083,2.95179,18.2303,-26.3391,94.2
26.9809,2.33923,-18.0919,2.92227,18.2812,-26.3118,94.3
26.9742,2.33944,-18.0754,2.89274,18.332,-26.2844,94.4
26.9674,2.33964,-18.0589,2.8632,18.3829,-26.2568,94.5
26.9607,2.33983,-18.0423,2.83367,18.4338,-26.2291,94.6
26.9539,2.34,-18.0257,2.80413,18.4847,-26.2014,94.7
26.9472,2.34017,-18.009,2.77458,18.5356,-26.1735,94.8
26.9404,2.34032,-17.9922,2.74503,18.5866,-26.1455,94.9
26.9336,2.34047,-17.9754,2.71548,18.6376,-26.1174,95
26.9268,2.3406,-17.9586,2.68593,18.6887,-26.0892,95.1
26.92,2.34072,-17.9417,2.65637,18.7397,-26.0608,95.2
26.9132,2.34083,-17.9247,2.62681,18.7908,-26.0324,95.3
26.9064,2.34093,-17.9077,2.59725,18.842,-26.0038,95.4
26.8996,2.34102,-17.8907,2.56768,18.8931,-25.9751,95.5
26.8928,2.3411,-17.8736,2.53812,18.9443,-25.9464,95.6
26.8859,2.34117,-17.8564,2.50854,18.9955,-25.9175,95.7
26.8791,2.34123,-17.8392,2.47897,19.0467,-25.8884,95.8
26.8722,2.34127,-17.8219,2.44939,19.098,-25.8593,95.9
26.8654,2.3413,-17.8046,2.41981,19.1493,-25.8301,96
26.8585,2.34133,-17.7872,2.39022,19.2006,-25.8007,96.1
26.8516,2.34134,-17.7698,2.36064,19.2519,-25.7712,96.2
26.8447,2.34134,-17.7523,2.33105,19.3033,-25.7416,96.3
26.8378,2.34132,-17.7347,2.30145,19.3547,-25.7119,96.4
26.8309,2.3413,-17.7171,2.27186,19.4061,-25.6821,96.5
26.824,2.34127,-17.6995,2.24226,19.4576,-25.6521,96.6
26.8171,2.34122,-17.6818,2.21266,19.509,-25.6221,96.7
26.8102,2.34116,-17.664,2.18306,19.5605,-25.5919,96.8
26.8033,2.34109,-17.6462,2.15345,19.6121,-25.5616,96.9
26.7963,2.34101,-17.6283,2.12384,19.6636,-25.5312,97
26.7894,2.34092,-17.6104,2.09423,19.7152,-25.5006,97.1
26.7824,2.34081,-17.5924,2.06462,19.7668,-25.47,97.2
26.7754,2.3407,-17.5744,2.035,19.8185,-25.4392,97.3
26.7685,2.34057,-17.5563,2.00538,19.8701,-25.4083,97.4
26.7615,2.34043,-17.5382,1.97576,19.9218,-25.3773,97.5
26.7545,2.34028,-17.52,1.94614,19.9735,-25.3461,97.6
26.7475,2.34011,-17.5017,1.91651,20.0253,-25.3148,97.7
26.7405,2.33993,-17.4834,1.88688,20.077,-25.2835,97.8
26.7335,2.33975,-17.4651,1.85725,20.1288,-25.2519,97.9
26.7264,2.33955,-17.4467,1.82762,20.1806,-25.2203,98
26.7194,2.33933,-17.4282,1.79799,20.2325,-25.1885,98.1
26.7124,2.33911,-17.4097,1.76835,20.2843,-25.1566,98.2
26.7053,2.33887,-17.3911,1.73871,20.3362,-25.1246,98.3
26.6983,2.33862,-17.3725,1.70907,20.3881,-25.0925,98.4
26.6912,2.33836,-17.3538,1.67943,20.4401,-25.0602,98.5
26.6841,2.33808,-17.335,1.64979,20.492,-25.0278,98.6
26.6771,2.3378,-17.3162,1.62014,20.544,-24.9953,98.7
26.67,2.3375,-17.2974,1.59049,20.596,-24.9627,98.8
26.6629,2.33719,-17.2785,1.56084,20.6481,-24.9299,98.9
26.6558,2.33686,-17.2595,1.53119,20.7001,-24.897,99
26.6487,2.33652,-17.2405,1.50154,20.7522,-24.864,99.1
26.6415,2.33617,-17.2214,1.47188,20.8043,-24.8308,99.2
26.6344,2.33581,-17.2022,1.44223,20.8564,-24.7976,99.3
26.6273,2.33544,-17.1831,1.41257,20.9086,-24.7641,99.4
26.6201,2.33505,-17.1638,1.38291,20.9608,-24.7306,99.5
26.613,2.33465,-17.1445,1.35325,21.013,-24.6969,99.6
26.6058,2.33423,-17.1251,1.32359,21.0652,-24.6631,99.7
26.5987,2.3338,-17.1057,1.29392,21.1174,-24.6292,99.8
26.5915,2.33336,-17.0863,1.26426,21.1697,-24.5951,99.9
26.5843,2.33291,-17.0667,1.23459,21.222,-24.5609,100
26.5771,2.33244,-17.0472,1.20492,21.2743,-24.5266,100.1
26.5699,2.33196,-17.0275,1.17525,21.3266,-24.4921,100.2
26.5627,2.33147,-17.0078,1.14558,21.379,-24.4575,100.3
26.5555,2.33096,-16.9881,1.11591,21.4313,-24.4228,100.4
26.5483,2.33044,-16.9683,1.08624,21.4837,-24.3879,100.5
26.5411,2.32991,-16.9484,1.05656,21.5362,-24.3529,100.6
26.5338,2.32936,-16.9285,1.02689,21.5886,-24.3177,100.7
26.5266,2.3288,-16.9085,0.997212,21.641,-24.2825,100.8
26.5193,2.32823,-16.8884,0.967535,21.6935,-24.247,100.9
26.5121,2.32764,-16.8684,0.937857,21.746,-24.2115,101
26.5048,2.32704,-16.8482,0.908178,21.7986,-24.1758,101.1
26.4975,2.32642,-16.828,0.878499,21.8511,-24.14,101.2
26.4902,2.3258,-16.8077,0.848818,21.9037,-24.104,101.3
26.483,2.32515,-16.7874,0.819137,21.9562,-24.0679,101.4
26.4757,2.3245,-16.767,0.789456,22.0088,-24.0316,101.5
26.4684,2.32383,-16.7466,0.759773,22.0615,-23.9952,101.6
26.461,2.32314,-16.7261,0.73009,22.1141,-23.9587,101.7
26.4537,2.32244,-16.7055,0.700407,22.1668,-23.922,101.8
26.4464,2.32173,-16.6849,0.670722,22.2194,-23.8852,101.9
26.4391,2.321,-16.6643,0.641038,22.2721,-23.8483,102
26.4317,2.32026,-16.6435,0.611353,22.3248,-23.8112,102.1
26.4244,2.3195,-16.6228,0.581667,22.3776,-23.7739,102.2
26.417,2.31873,-16.6019,0.551982,22.4303,-23.7365,102.3
26.4096,2.31795,-16.581,0.522296,22.4831,-23.699,102.4
26.4023,2.31715,-16.5601,0.492609,22.5359,-23.6613,102.5
26.3949,2.31634,-16.5391,0.462923,22.5887,-23.6235,102.6
26.3875,2.31551,-16.518,0.433236,22.6415,-23.5855,102.7
26.3801,2.31466,-16.4969,0.40355,22.6943,-23.5474,102.8
26.3727,2.31381,-16.4757,0.373863,22.7472,-23.5092,102.9
26.3653,2.31293,-16.4544,0.344176,22.8001,-23.4707,103
26.3579,2.31205,-16.4331,0.31449,22.8529,-23.4322,103.1
26.3504,2.31114,-16.4118,0.284803,22.9059,-23.3935,103.2
26.343,2.31023,-16.3903,0.255116,22.9588,-23.3546,103.3
26.3356,2.30929,-16.3688,0.22543,23.0117,-23.3156,103.4
26.3281,2.30835,-16.3473,0.195744,23.0647,-23.2764,103.5
26.3206,2.30738,-16.3257,0.166058,23.1176,-23.2371,103.6
26.3132,2.30641,-16.3041,0.136373,23.1706,-23.1977,103.7
26.3057,2.30541,-16.2823,0.106688,23.2236,-23.158,103.8
26.2982,2.3044,-16.2606,0.077003,23.2766,-23.1183,103.9
26.2908,2.30338,-16.2387,0.0473188,23.3296,-23.0783,104
26.2833,2.30234,-16.2168,0.0176351,23.3826,-23.0383,104.1
26.2758,2.30128,-16.1949,-0.0120481,23.4357,-22.998,104.2
26.2683,2.30021,-16.1729,-0.0417306,23.4888,-22.9576,104.3
26.2607,2.29913,-16.1508,-0.0714124,23.5418,-22.9171,104.4
26.2532,2.29802,-16.1287,-0.101094,23.5949,-22.8764,104.5
26.2457,2.29691,-16.1065,-0.130774,23.648,-22.8355,104.6
26.2382,2.29577,-16.0842,-0.160453,23.7011,-22.7945,104.7
26.2306,2.29462,-16.0619,-0.190132,23.7542,-22.7533,104.8
26.2231,2.29346,-16.0395,-0.21981,23.8074,-22.712,104.9
26.2155,2.29227,-16.0171,-0.249487,23.8605,-22.6705,105
26.2079,2.29108,-15.9946,-0.279163,23.9137,-22.6288,105.1
26.2004,2.28986,-15.9721,-0.308837,23.9668,-22.587,105.2
26.1928,2.28863,-15.9495,-0.338511,24.02,-22.545,105.3
26.1852,2.28738,-15.9268,-0.368183,24.0732,-22.5029,105.4
26.1776,2.28612,-15.9041,-0.397855,24.1264,-22.4606,105.5
26.17,2.28484,-15.8813,-0.427525,24.1796,-22.4181,105.6
26.1624,2.28354,-15.8584,-0.457193,24.2328,-22.3755,105.7
26.1548,2.28223,-15.8355,-0.486861,24.286,-22.3326,105.8
26.1472,2.2809,-15.8125,-0.516526,24.3393,-22.2897,105.9
26.1395,2.27955,-15.7895,-0.546191,24.3925,-22.2465,106
26.1319,2.27819,-15.7664,-0.575854,24.4457,-22.2032,106.1
26.1243,2.27681,-15.7433,-0.605515,24.499,-22.1598,106.2
26.1166,2.27541,-15.7201,-0.635174,24.5523,-22.1161,106.3
26.109,2.27399,-15.6968,-0.664832,24.6055,-22.0723,106.4
26.1013,2.27256,-15.6734,-0.694489,24.6588,-22.0283,106.5
26.0936,2.27111,-15.65,-0.724143,24.7121,-21.9842,106.6
26.086,2.26965,-15.6266,-0.753796,24.7654,-21.9399,106.7
26.0783,2.26816,-15.6031,-0.783446,24.8186,-21.8954,106.8
26.0706,2.26666,-15.5795,-0.813095,24.8719,-21.8507,106.9
26.0629,2.26514,-15.5558,-0.842742,24.9252,-21.8059,107
26.0552,2.2636,-15.5321,-0.872386,24.9785,-21.7609,107.1
26.0475,2.26205,-15.5084,-0.902029,25.0318,-21.7157,107.2
26.0398,2.26048,-15.4845,-0.931669,25.0851,-21.6703,107.3
26.0321,2.25889,-15.4606,-0.961307,25.1385,-21.6248,107.4
26.0243,2.25728,-15.4367,-0.990943,25.1918,-21.5791,107.5
26.0166,2.25565,-15.4127,-1.02058,25.2451,-21.5332,107.6
26.0089,2.25401,-15.3886,-1.05021,25.2984,-21.4871,107.7
26.0011,2.25235,-15.3645,-1.07984,25.3517,-21.4408,107.8
25.9934,2.25067,-15.3403,-1.10946,25.405,-21.3944,107.9
25.9856,2.24897,-15.316,-1.13909,25.4584,-21.3478,108
25.9778,2.24725,-15.2917,-1.16871,25.5117,-21.301,108.1
25.9701,2.24551,-15.2673,-1.19833,25.565,-21.254,108.2
25.9623,2.24376,-15.2428,-1.22794,25.6183,-21.2069,108.3
25.9545,2.24199,-15.2183,-1.25755,25.6716,-21.1595,108.4
25.9467,2.24019,-15.1938,-1.28716,25.7249,-21.112,108.5
25.9389,2.23838,-15.1691,-1.31677,25.7782,-21.0643,108.6
25.9311,2.23655,-15.1444,-1.34637,25.8315,-21.0164,108.7
25.9233,2.2347,-15.1197,-1.37598,25.8848,-20.9683,108.8
25.9155,2.23284,-15.0948,-1.40557,25.9381,-20.92,108.9
25.9077,2.23095,-15.0699,-1.43517,25.9914,-20.8715,109
25.8999,2.22904,-15.045,-1.46476,26.0447,-20.8229,109.1
25.892,2.22712,-15.02,-1.49435,26.098,-20.774,109.2
25.8842,2.22517,-14.9949,-1.52393,26.1513,-20.725,109.3
25.8764,2.22321,-14.9698,-1.55352,26.2045,-20.6758,109.4
25.8685,2.22122,-14.9445,-1.58309,26.2578,-20.6264,109.5
25.8607,2.21922,-14.9193,-1.61267,26.3111,-20.5768,109.6
25.8528,2.2172,-14.8939,-1.64224,26.3643,-20.5269,109.7
25.8449,2.21515,-14.8685,-1.67181,26.4175,-20.4769,109.8
25.8371,2.21309,-14.8431,-1.70137,26.4708,-20.4267,109.9
25.8292,2.21101,-14.8176,-1.73093,26.524,-20.3763,110
25.8213,2.2089,-14.792,-1.76049,26.5772,-20.3258,110.1
25.8134,2.20678,-14.7663,-1.79004,26.6304,-20.275,110.2
25.8055,2.20463,-14.7406,-1.81959,26.6836,-20.224,110.3
25.7976,2.20247,-14.7148,-1.84913,26.7368,-20.1728,110.4
25.7897,2.20028,-14.689,-1.87868,26.7899,-20.1214,110.5
25.7818,2.19808,-14.6631,-1.90821,26.8431,-20.0698,110.6
25.7739,2.19585,-14.6371,-1.93774,26.8962,-20.018,110.7
25.766,2.1936,-14.611,-1.96727,26.9493,-19.966,110.8
25.7581,2.19134,-14.5849,-1.9968,27.0024,-19.9138,110.9
25.7502,2.18905,-14.5588,-2.02632,27.0555,-19.8614,111
25.7422,2.18674,-14.5325,-2.05583,27.1086,-19.8088,111.1
25.7343,2.1844,-14.5062,-2.08534,27.1616,-19.7559,111.2
25.7264,2.18205,-14.4799,-2.11485,27.2147,-19.7029,111.3
25.7184,2.17968,-14.4534,-2.14435,27.2677,-19.6497,111.4
25.7105,2.17728,-14.4269,-2.17385,27.3207,-19.5962,111.5
25.7025,2.17487,-14.4004,-2.20334,27.3737,-19.5425,111.6
25.6946,2.17243,-14.3737,-2.23283,27.4266,-19.4887,111.7
25.6866,2.16997,-14.347,-2.26231,27.4796,-19.4346,111.8
25.6786,2.16748,-14.3203,-2.29179,27.5325,-19.3803,111.9
25.6706,2.16498,-14.2935,-2.32126,27.5854,-19.3257,112
25.6627,2.16245,-14.2666,-2.35073,27.6382,-19.271,112.1
25.6547,2.1599,-14.2396,-2.38019,27.6911,-19.2161,112.2
25.6467,2.15733,-14.2126,-2.40965,27.7439,-19.1609,112.3
25.6387,2.15474,-14.1855,-2.4391,27.7967,-19.1055,112.4
25.6307,2.15212,-14.1583,-2.46855,27.8494,-19.0499,112.5
25.6227,2.14948,-14.1311,-2.49799,27.9022,-18.9941,112.6
25.6147,2.14682,-14.1038,-2.52742,27.9549,-18.938,112.7
25.6067,2.14414,-14.0765,-2.55685,28.0076,-18.8817,112.8
25.5987,2.14143,-14.049,-2.58628,28.0602,-18.8252,112.9
25.5907,2.1387,-14.0216,-2.6157,28.1128,-18.7685,113
25.5827,2.13595,-13.994,-2.64511,28.1654,-18.7116,113.1
25.5747,2.13317,-13.9664,-2.67452,28.218,-18.6544,113.2
25.5667,2.13037,-13.9387,-2.70392,28.2705,-18.597,113.3
25.5586,2.12755,-13.9109,-2.73331,28.323,-18.5394,113.4
25.5506,2.1247,-13.8831,-2.7627,28.3755,-18.4815,113.5
25.5426,2.12183,-13.8552,-2.79209,28.4279,-18.4234,113.6
25.5345,2.11894,-13.8272,-2.82147,28.4802,-18.3651,113.7
25.5265,2.11602,-13.7992,-2.85084,28.5326,-18.3066,113.8
25.5185,2.11307,-13.7711,-2.8802,28.5849,-18.2478,113.9
25.5104,2.11011,-13.743,-2.90956,28.6372,-18.1887,114
25.5024,2.10712,-13.7147,-2.93891,28.6894,-18.1295,114.1
25.4943,2.1041,-13.6864,-2.96826,28.7416,-18.07,114.2
25.4863,2.10106,-13.6581,-2.9976,28.7937,-18.0103,114.3
25.4782,2.098,-13.6296,-3.02693,28.8458,-17.9503,114.4
25.4702,2.09491,-13.6011,-3.05626,28.8978,-17.8901,114.5
25.4621,2.0918,-13.5725,-3.08557,28.9498,-17.8296,114.6
25.454,2.08866,-13.5439,-3.11489,29.0018,-17.7689,114.7
25.446,2.08549,-13.5152,-3.14419,29.0537,-17.708,114.8
25.4379,2.08231,-13.4864,-3.17349,29.1056,-17.6468,114.9
25.4299,2.07909,-13.4576,-3.20278,29.1574,-17.5854,115
25.4218,2.07585,-13.4286,-3.23207,29.2091,-17.5237,115.1
25.4137,2.07259,-13.3997,-3.26134,29.2609,-17.4618,115.2
25.4056,2.0693,-13.3706,-3.29061,29.3125,-17.3996,115.3
25.3976,2.06598,-13.3415,-3.31987,29.3641,-17.3372,115.4
25.3895,2.06264,-13.3123,-3.34913,29.4156,-17.2745,115.5
25.3814,2.05927,-13.283,-3.37837,29.4671,-17.2115,115.6
25.3734,2.05588,-13.2537,-3.40761,29.5186,-17.1484,115.7
25.3653,2.05246,-13.2243,-3.43685,29.5699,-17.0849,115.8
25.3572,2.04901,-13.1948,-3.46607,29.6212,-17.0212,115.9
25.3491,2.04554,-13.1653,-3.49529,29.6725,-16.9573,116
25.341,2.04204,-13.1356,-3.52449,29.7237,-16.8931,116.1
25.333,2.03851,-13.106,-3.55369,29.7748,-16.8286,116.2
25.3249,2.03495,-13.0762,-3.58289,29.8258,-16.7639,116.3
25.3168,2.03137,-13.0464,-3.61207,29.8768,-16.6989,116.4
25.3087,2.02777,-13.0165,-3.64125,29.9277,-16.6336,116.5
25.3006,2.02413,-12.9865,-3.67041,29.9786,-16.5681,116.6
25.2926,2.02047,-12.9565,-3.69957,30.0294,-16.5023,116.7
25.2845,2.01678,-12.9264,-3.72872,30.0801,-16.4363,116.8
25.2764,2.01306,-12.8962,-3.75787,30.1307,-16.37,116.9
25.2683,2.00932,-12.866,-3.787,30.1813,-16.3034,117
25.2602,2.00554,-12.8356,-3.81612,30.2317,-16.2365,117.1
25.2522,2.00174,-12.8052,-3.84524,30.2821,-16.1694,117.2
25.2441,1.99791,-12.7748,-3.87435,30.3325,-16.102,117.3
25.236,1.99406,-12.7442,-3.90344,30.3827,-16.0343,117.4
25.2279,1.99017,-12.7136,-3.93253,30.4328,-15.9664,117.5
25.2198,1.98626,-12.683,-3.96161,30.4829,-15.8982,117.6
25.2118,1.98231,-12.6522,-3.99068,30.5329,-15.8297,117.7
25.2037,1.97834,-12.6214,-4.01975,30.5828,-15.7609,117.8
25.1956,1.97434,-12.5905,-4.0488,30.6326,-15.6918,117.9
25.1876,1.97031,-12.5595,-4.07784,30.6823,-15.6225,118
25.1795,1.96625,-12.5285,-4.10687,30.7319,-15.5529,118.1
25.1714,1.96216,-12.4974,-4.1359,30.7815,-15.4829,118.2
25.1634,1.95804,-12.4662,-4.16491,30.8309,-15.4128,118.3
25.1553,1.9539,-12.4349,-4.19391,30.8802,-15.3423,118.4
25.1473,1.94972,-12.4036,-4.22291,30.9295,-15.2715,118.5
25.1392,1.94551,-12.3722,-4.25189,30.9786,-15.2005,118.6
25.1311,1.94128,-12.3407,-4.28087,31.0277,-15.1291,118.7
25.1231,1.93701,-12.3092,-4.30983,31.0766,-15.0575,118.8
25.1151,1.93271,-12.2775,-4.33878,31.1254,-14.9856,118.9
25.107,1.92838,-12.2459,-4.36773,31.1741,-14.9133,119
25.099,1.92403,-12.2141,-4.39666,31.2227,-14.8408,119.1
25.0909,1.91964,-12.1822,-4.42558,31.2712,-14.768,119.2
25.0829,1.91522,-12.1503,-4.45449,31.3196,-14.6949,119.3
25.0749,1.91077,-12.1183,-4.4834,31.3678,-14.6215,119.4
25.0669,1.90629,-12.0863,-4.51229,31.416,-14.5478,119.5
25.0589,1.90177,-12.0541,-4.54117,31.464,-14.4738,119.6
25.0508,1.89723,-12.0219,-4.57003,31.5119,-14.3995,119.7
25.0428,1.89265,-11.9896,-4.59889,31.5597,-14.3249,119.8
25.0348,1.88805,-11.9573,-4.62774,31.6073,-14.2499,119.9
25.0268,1.88341,-11.9248,-4.65657,31.6548,-14.1747,120
25.0189,1.87874,-11.8923,-4.6854,31.7022,-14.0992,120.1
25.0109,1.87403,-11.8597,-4.71421,31.7495,-14.0233,120.2
25.0029,1.8693,-11.8271,-4.74301,31.7966,-13.9472,120.3
24.9949,1.86453,-11.7943,-4.7718,31.8435,-13.8707,120.4
24.987,1.85973,-11.7615,-4.80058,31.8904,-13.794,120.5
24.979,1.8549,-11.7286,-4.82935,31.9371,-13.7169,120.6
24.971,1.85004,-11.6957,-4.8581,31.9836,-13.6395,120.7
24.9631,1.84514,-11.6626,-4.88684,32.03,-13.5618,120.8
24.9552,1.84021,-11.6295,-4.91557,32.0763,-13.4837,120.9
24.9472,1.83524,-11.5963,-4.94429,32.1224,-13.4054,121
24.9393,1.83025,-11.563,-4.973,32.1683,-13.3267,121.1
24.9314,1.82522,-11.5297,-5.00169,32.2141,-13.2477,121.2
24.9235,1.82015,-11.4963,-5.03037,32.2597,-13.1684,121.3
24.9156,1.81506,-11.4628,-5.05904,32.3052,-13.0887,121.4
24.9077,1.80993,-11.4292,-5.08769,32.3505,-13.0088,121.5
24.8998,1.80476,-11.3956,-5.11634,32.3956,-12.9285,121.6
24.892,1.79956,-11.3618,-5.14497,32.4406,-12.8479,121.7
24.8841,1.79433,-11.328,-5.17359,32.4853,-12.7669,121.8
24.8763,1.78906,-11.2941,-5.20219,32.53,-12.6856,121.9
24.8684,1.78376,-11.2602,-5.23078,32.5744,-12.604,122
24.8606,1.77842,-11.2261,-5.25936,32.6186,-12.5221,122.1
24.8528,1.77305,-11.192,-5.28792,32.6627,-12.4398,122.2
24.845,1.76765,-11.1578,-5.31648,32.7066,-12.3572,122.3
24.8372,1.76221,-11.1236,-5.34501,32.7502,-12.2743,122.4
24.8294,1.75673,-11.0892,-5.37354,32.7937,-12.191,122.5
24.8216,1.75122,-11.0548,-5.40205,32.837,-12.1074,122.6
24.8139,1.74568,-11.0203,-5.43054,32.8801,-12.0234,122.7
24.8061,1.7401,-10.9857,-5.45903,32.923,-11.9392,122.8
24.7984,1.73448,-10.951,-5.48749,32.9657,-11.8545,122.9
24.7907,1.72883,-10.9163,-5.51595,33.0081,-11.7695,123
24.7829,1.72314,-10.8815,-5.54439,33.0504,-11.6842,123.1
24.7753,1.71742,-10.8466,-5.57281,33.0924,-11.5986,123.2
24.7676,1.71166,-10.8116,-5.60123,33.1343,-11.5126,123.3
24.7599,1.70586,-10.7766,-5.62962,33.1758,-11.4262,123.4
24.7523,1.70003,-10.7414,-5.658,33.2172,-11.3395,123.5
24.7446,1.69416,-10.7062,-5.68637,33.2584,-11.2525,123.6
24.737,1.68826,-10.6709,-5.71472,33.2993,-11.1651,123.7
24.7294,1.68232,-10.6355,-5.74306,33.3399,-11.0773,123.8
24.7218,1.67634,-10.6001,-5.77138,33.3804,-10.9892,123.9
24.7142,1.67033,-10.5645,-5.79969,33.4205,-10.9008,124
24.7067,1.66428,-10.5289,-5.82798,33.4605,-10.812,124.1
24.6991,1.65819,-10.4932,-5.85626,33.5001,-10.7228,124.2
24.6916,1.65206,-10.4575,-5.88452,33.5396,-10.6333,124.3
24.6841,1.6459,-10.4216,-5.91276,33.5787,-10.5435,124.4
24.6766,1.6397,-10.3857,-5.94099,33.6176,-10.4533,124.5
24.6692,1.63347,-10.3496,-5.9692,33.6563,-10.3627,124.6
24.6617,1.62719,-10.3135,-5.9974,33.6946,-10.2718,124.7
24.6543,1.62088,-10.2774,-6.02558,33.7327,-10.1805,124.8
24.6469,1.61454,-10.2411,-6.05375,33.7705,-10.0888,124.9
24.6395,1.60815,-10.2048,-6.0819,33.808,-9.99683,125
24.6321,1.60173,-10.1683,-6.11003,33.8453,-9.90447,125.1
24.6248,1.59527,-10.1318,-6.13814,33.8822,-9.81175,125.2
24.6175,1.58877,-10.0952,-6.16624,33.9189,-9.71867,125.3
24.6102,1.58223,-10.0586,-6.19432,33.9552,-9.62523,125.4
24.6029,1.57566,-10.0218,-6.22239,33.9912,-9.53143,125.5
24.5956,1.56905,-9.98496,-6.25044,34.027,-9.43727,125.6
24.5884,1.5624,-9.94804,-6.27847,34.0624,-9.34274,125.7
24.5812,1.55571,-9.91104,-6.30648,34.0975,-9.24785,125.8
24.574,1.54899,-9.87395,-6.33448,34.1322,-9.1526,125.9
24.5669,1.54222,-9.83678,-6.36245,34.1667,-9.05699,126
24.5597,1.53542,-9.79953,-6.39041,34.2008,-8.96101,126.1
24.5526,1.52858,-9.76219,-6.41836,34.2345,-8.86468,126.2
24.5455,1.5217,-9.72477,-6.44628,34.2679,-8.76798,126.3
24.5385,1.51479,-9.68727,-6.47419,34.301,-8.67091,126.4
24.5314,1.50783,-9.64968,-6.50208,34.3337,-8.57348,126.5
24.5244,1.50084,-9.61201,-6.52995,34.3661,-8.47569,126.6
24.5175,1.49381,-9.57425,-6.5578,34.3981,-8.37754,126.7
24.5105,1.48674,-9.53641,-6.58564,34.4297,-8.27903,126.8
24.5036,1.47964,-9.49848,-6.61345,34.461,-8.18015,126.9
24.4967,1.47249,-9.46047,-6.64125,34.4919,-8.08091,127
24.4898,1.46531,-9.42238,-6.66902,34.5224,-7.98131,127.1
24.483,1.45809,-9.3842,-6.69678,34.5525,-7.88135,127.2
24.4762,1.45083,-9.34593,-6.72452,34.5822,-7.78102,127.3
24.4694,1.44354,-9.30758,-6.75224,34.6115,-7.68034,127.4
24.4627,1.4362,-9.26914,-6.77994,34.6404,-7.5793,127.5
24.456,1.42883,-9.23062,-6.80762,34.6689,-7.4779,127.6
24.4493,1.42142,-9.19201,-6.83528,34.697,-7.37614,127.7
24.4427,1.41397,-9.15332,-6.86293,34.7247,-7.27402,127.8
24.4361,1.40649,-9.11454,-6.89055,34.7519,-7.17155,127.9
24.4295,1.39897,-9.07567,-6.91815,34.7787,-7.06872,128
24.423,1.39141,-9.03672,-6.94573,34.8051,-6.96554,128.1
24.4165,1.38381,-8.99768,-6.97329,34.831,-6.86201,128.2
24.41,1.37617,-8.95855,-7.00083,34.8565,-6.75812,128.3
24.4036,1.3685,-8.91933,-7.02835,34.8815,-6.65388,128.4
24.3972,1.36079,-8.88003,-7.05585,34.9061,-6.5493,128.5
24.3909,1.35305,-8.84064,-7.08333,34.9302,-6.44436,128.6
24.3846,1.34526,-8.80116,-7.11079,34.9538,-6.33908,128.7
24.3783,1.33745,-8.7616,-7.13822,34.9769,-6.23346,128.8
24.3721,1.32959,-8.72194,-7.16564,34.9996,-6.12749,128.9
24.3659,1.3217,-8.6822,-7.19303,35.0218,-6.02118,129
24.3597,1.31377,-8.64237,-7.2204,35.0434,-5.91454,129.1
24.3536,1.30581,-8.60246,-7.24775,35.0646,-5.80756,129.2
24.3476,1.29781,-8.56245,-7.27508,35.0853,-5.70024,129.3
24.3415,1.28978,-8.52235,-7.30239,35.1054,-5.59259,129.4
24.3356,1.28171,-8.48217,-7.32967,35.125,-5.48461,129.5
24.3296,1.2736,-8.44189,-7.35693,35.1441,-5.3763,129.6
24.3237,1.26546,-8.40153,-7.38417,35.1627,-5.26767,129.7
24.3179,1.25729,-8.36107,-7.41139,35.1807,-5.15872,129.8
24.3121,1.24908,-8.32053,-7.43858,35.1982,-5.04945,129.9
24.3063,1.24084,-8.2799,-7.46576,35.2151,-4.93986,130
24.3006,1.23256,-8.23917,-7.4929,35.2314,-4.82996,130.1
24.295,1.22426,-8.19836,-7.52003,35.2472,-4.71974,130.2
24.2893,1.21591,-8.15746,-7.54713,35.2624,-4.60923,130.3
24.2838,1.20754,-8.11646,-7.57421,35.2771,-4.4984,130.4
24.2783,1.19913,-8.07538,-7.60127,35.2912,-4.38728,130.5
24.2728,1.19069,-8.0342,-7.6283,35.3046,-4.27586,130.6
24.2674,1.18222,-7.99293,-7.6553,35.3175,-4.16415,130.7
24.262,1.17372,-7.95157,-7.68229,35.3298,-4.05215,130.8
24.2567,1.16519,-7.91012,-7.70925,35.3414,-3.93987,130.9
24.2514,1.15663,-7.86857,-7.73618,35.3525,-3.8273,131
24.2462,1.14803,-7.82694,-7.76309,35.3629,-3.71446,131.1
24.2411,1.13941,-7.78521,-7.78998,35.3727,-3.60135,131.2
24.236,1.13076,-7.74339,-7.81684,35.3819,-3.48797,131.3
24.2309,1.12208,-7.70148,-7.84367,35.3904,-3.37433,131.4
24.226,1.11337,-7.65947,-7.87048,35.3983,-3.26043,131.5
24.221,1.10463,-7.61737,-7.89727,35.4055,-3.14628,131.6
24.2161,1.09587,-7.57518,-7.92403,35.4121,-3.03188,131.7
24.2113,1.08708,-7.5329,-7.95076,35.418,-2.91723,131.8
24.2066,1.07826,-7.49052,-7.97747,35.4232,-2.80235,131.9
24.2019,1.06942,-7.44804,-8.00416,35.4278,-2.68724,132
24.1972,1.06055,-7.40548,-8.03081,35.4317,-2.57191,132.1
24.1926,1.05166,-7.36282,-8.05744,35.4349,-2.45635,132.2
24.1881,1.04274,-7.32006,-8.08405,35.4374,-2.34058,132.3
24.1836,1.0338,-7.27721,-8.11062,35.4392,-2.2246,132.4
24.1792,1.02484,-7.23427,-8.13717,35.4402,-2.10842,132.5
24.1749,1.01585,-7.19123,-8.1637,35.4406,-1.99205,132.6
24.1706,1.00685,-7.14809,-8.1902,35.4403,-1.87548,132.7
24.1664,0.997818,-7.10486,-8.21666,35.4392,-1.75873,132.8
24.1622,0.98877,-7.06154,-8.24311,35.4375,-1.64181,132.9
24.1582,0.979702,-7.01812,-8.26952,35.4349,-1.52472,133
24.1541,0.970615,-6.9746,-8.29591,35.4317,-1.40747,133.1
24.1502,0.961511,-6.93098,-8.32227,35.4277,-1.29006,133.2
24.1463,0.952388,-6.88727,-8.3486,35.423,-1.1725,133.3
24.1424,0.943249,-6.84347,-8.3749,35.4175,-1.05481,133.4
24.1387,0.934094,-6.79956,-8.40117,35.4112,-0.936983,133.5
24.135,0.924923,-6.75556,-8.42742,35.4042,-0.819033,133.6
24.1313,0.915738,-6.71146,-8.45364,35.3964,-0.700965,133.7
24.1278,0.906539,-6.66727,-8.47982,35.3879,-0.582789,133.8
24.1243,0.897327,-6.62298,-8.50598,35.3786,-0.464512,133.9
24.1209,0.888103,-6.57859,-8.53211,35.3685,-0.346143,134
24.1175,0.878868,-6.5341,-8.55821,35.3576,-0.227689,134.1
24.1142,0.869622,-6.48951,-8.58428,35.3459,-0.10916,134.2
24.111,0.860367,-6.44482,-8.61032,35.3335,0.00943647,134.3
24.1078,0.851102,-6.40004,-8.63633,35.3202,0.128091,134.4
24.1047,0.84183,-6.35516,-8.66231,35.3062,0.246796,134.5
24.1017,0.83255,-6.31017,-8.68826,35.2914,0.365542,134.6
24.0988,0.823264,-6.26509,-8.71418,35.2757,0.48432,134.7
24.0959,0.813973,-6.21991,-8.74007,35.2593,0.603121,134.8
24.0931,0.804677,-6.17463,-8.76593,35.242,0.721936,134.9
24.0904,0.795378,-6.12925,-8.79175,35.224,0.840756,135
24.0877,0.786076,-6.08377,-8.81755,35.2051,0.959571,135.1
24.0851,0.776772,-6.03818,-8.84331,35.1854,1.07837,135.2
24.0826,0.767467,-5.9925,-8.86904,35.1649,1.19715,135.3
24.0802,0.758163,-5.94672,-8.89474,35.1436,1.31589,135.4
24.0778,0.748859,-5.90083,-8.92041,35.1214,1.4346,135.5
24.0755,0.739558,-5.85485,-8.94604,35.0985,1.55325,135.6
24.0732,0.730259,-5.80876,-8.97165,35.0747,1.67184,135.7
24.0711,0.720964,-5.76257,-8.99722,35.0501,1.79035,135.8
24.069,0.711674,-5.71628,-9.02275,35.0246,1.90879,135.9
24.067,0.70239,-5.66988,-9.04826,34.9984,2.02714,136
24.065,0.693113,-5.62339,-9.07373,34.9713,2.14538,136.1
