12,10,1,10,1,1,0,0,0,0,0,0,0
30,0,-14.9984,25.9817,-15.0032,-25.9789,-0.266667,0.266667,0.285,-0.285,-0.0166667,0.0166667,0
29.9973,0.00266667,-14.9701,25.9534,-15.0049,-25.9772,-0.267308,0.266667,0.285385,-0.285185,-0.0163459,0.0168889,0.1
29.9947,0.00533333,-14.9417,25.925,-15.0065,-25.9756,-0.26795,0.266667,0.28577,-0.285371,-0.0160252,0.0171111,0.2
29.992,0.008,-14.9133,25.8966,-15.0081,-25.9738,-0.268593,0.266667,0.286156,-0.285556,-0.0157044,0.0173334,0.3
29.9893,0.0106667,-14.8849,25.8682,-15.0097,-25.9721,-0.269236,0.266668,0.286543,-0.285742,-0.0153836,0.0175558,0.4
29.9866,0.0133334,-14.8564,25.8398,-15.0112,-25.9704,-0.26988,0.266669,0.28693,-0.285929,-0.0150627,0.0177782,0.5
29.9839,0.0160001,-14.8279,25.8114,-15.0127,-25.9686,-0.270524,0.26667,0.287318,-0.286115,-0.0147419,0.0180006,0.6
29.9812,0.0186668,-14.7994,25.7829,-15.0142,-25.9668,-0.271169,0.266672,0.287706,-0.286302,-0.014421,0.0182231,0.7
29.9785,0.0213335,-14.7708,25.7544,-15.0156,-25.965,-0.271815,0.266673,0.288095,-0.286489,-0.0141001,0.0184457,0.8
29.9758,0.0240002,-14.7422,25.7259,-15.0171,-25.9631,-0.272461,0.266675,0.288484,-0.286677,-0.0137792,0.0186684,0.9
29.973,0.026667,-14.7136,25.6974,-15.0184,-25.9612,-0.273107,0.266677,0.288874,-0.286864,-0.0134582,0.018891,1
29.9703,0.0293337,-14.685,25.6688,-15.0198,-25.9594,-0.273755,0.266679,0.289265,-0.287052,-0.0131372,0.0191138,1.1
29.9676,0.0320005,-14.6563,25.6402,-15.0211,-25.9574,-0.274402,0.266682,0.289656,-0.28724,-0.0128162,0.0193366,1.2
29.9648,0.0346673,-14.6275,25.6116,-15.0224,-25.9555,-0.275051,0.266685,0.290048,-0.287429,-0.0124952,0.0195595,1.3
29.9621,0.0373342,-14.5988,25.583,-15.0236,-25.9536,-0.2757,0.266688,0.29044,-0.287618,-0.0121741,0.0197824,1.4
29.9593,0.0400011,-14.57,25.5543,-15.0248,-25.9516,-0.276349,0.266691,0.290833,-0.287807,-0.011853,0.0200054,1.5
29.9566,0.042668,-14.5412,25.5257,-15.026,-25.9496,-0.277,0.266694,0.291226,-0.287996,-0.0115319,0.0202284,1.6
29.9538,0.0453349,-14.5123,25.497,-15.0272,-25.9475,-0.27765,0.266698,0.29162,-0.288186,-0.0112108,0.0204515,1.7
29.951,0.0480019,-14.4834,25.4683,-15.0283,-25.9455,-0.278302,0.266702,0.292015,-0.288376,-0.0108896,0.0206747,1.8
29.9482,0.0506689,-14.4545,25.4395,-15.0294,-25.9434,-0.278954,0.266706,0.29241,-0.288566,-0.0105684,0.0208979,1.9
29.9454,0.053336,-14.4256,25.4108,-15.0304,-25.9413,-0.279607,0.26671,0.292806,-0.288756,-0.0102471,0.0211212,2
29.9426,0.0560031,-14.3966,25.382,-15.0315,-25.9392,-0.28026,0.266715,0.293202,-0.288947,-0.00992582,0.0213445,2.1
29.9398,0.0586702,-14.3676,25.3532,-15.0325,-25.9371,-0.280914,0.266719,0.293599,-0.289138,-0.00960451,0.0215679,2.2
29.937,0.0613374,-14.3385,25.3243,-15.0334,-25.9349,-0.281568,0.266724,0.293997,-0.289329,-0.00928316,0.0217914,2.3
29.9342,0.0640046,-14.3094,25.2955,-15.0344,-25.9328,-0.282223,0.26673,0.294395,-0.289521,-0.00896177,0.0220149,2.4
29.9314,0.0666719,-14.2803,25.2666,-15.0352,-25.9306,-0.282879,0.266735,0.294794,-0.289713,-0.00864035,0.0222385,2.5
29.9286,0.0693393,-14.2512,25.2377,-15.0361,-25.9283,-0.283535,0.266741,0.295193,-0.289905,-0.00831889,0.0224622,2.6
29.9257,0.0720067,-14.222,25.2088,-15.0369,-25.9261,-0.284192,0.266747,0.295593,-0.290097,-0.0079974,0.0226859,2.7
29.9229,0.0746742,-14.1928,25.1799,-15.0377,-25.9238,-0.28485,0.266753,0.295994,-0.29029,-0.00767587,0.0229097,2.8
29.92,0.0773417,-14.1635,25.1509,-15.0385,-25.9215,-0.285508,0.266759,0.296395,-0.290483,-0.0073543,0.0231336,2.9
29.9172,0.0800093,-14.1342,25.1219,-15.0392,-25.9192,-0.286167,0.266766,0.296797,-0.290677,-0.00703269,0.0233575,3
29.9143,0.082677,-14.1049,25.0929,-15.04,-25.9169,-0.286827,0.266773,0.2972,-0.29087,-0.00671104,0.0235815,3.1
29.9115,0.0853447,-14.0755,25.0639,-15.0406,-25.9145,-0.287487,0.26678,0.297603,-0.291064,-0.00638936,0.0238055,3.2
29.9086,0.0880125,-14.0462,25.0348,-15.0413,-25.9121,-0.288148,0.266787,0.298007,-0.291258,-0.00606763,0.0240297,3.3
29.9057,0.0906803,-14.0167,25.0057,-15.0419,-25.9097,-0.288809,0.266795,0.298411,-0.291453,-0.00574586,0.0242539,3.4
29.9028,0.0933483,-13.9873,24.9766,-15.0424,-25.9073,-0.289471,0.266802,0.298816,-0.291648,-0.00542405,0.0244781,3.5
29.8999,0.0960163,-13.9578,24.9475,-15.043,-25.9049,-0.290134,0.26681,0.299222,-0.291843,-0.00510219,0.0247024,3.6
29.897,0.0986844,-13.9283,24.9183,-15.0435,-25.9024,-0.290798,0.266819,0.299628,-0.292038,-0.0047803,0.0249268,3.7
29.8941,0.101353,-13.8987,24.8892,-15.044,-25.8999,-0.291462,0.266827,0.300035,-0.292234,-0.00445836,0.0251513,3.8
29.8912,0.104021,-13.8691,24.86,-15.0444,-25.8974,-0.292127,0.266836,0.300442,-0.29243,-0.00413637,0.0253758,3.9
29.8883,0.106689,-13.8395,24.8307,-15.0448,-25.8949,-0.292792,0.266845,0.300851,-0.292626,-0.00381434,0.0256004,4
29.8853,0.109358,-13.8098,24.8015,-15.0452,-25.8923,-0.293458,0.266854,0.301259,-0.292823,-0.00349226,0.0258251,4.1
29.8824,0.112026,-13.7801,24.7722,-15.0456,-25.8897,-0.294125,0.266864,0.301669,-0.29302,-0.00317014,0.0260499,4.2
29.8795,0.114695,-13.7504,24.7429,-15.0459,-25.8871,-0.294792,0.266873,0.302079,-0.293217,-0.00284797,0.0262747,4.3
29.8765,0.117364,-13.7206,24.7136,-15.0462,-25.8845,-0.295461,0.266883,0.30249,-0.293414,-0.00252575,0.0264996,4.4
29.8736,0.120032,-13.6908,24.6843,-15.0464,-25.8818,-0.296129,0.266893,0.302901,-0.293612,-0.00220349,0.0267245,4.5
29.8706,0.122701,-13.661,24.6549,-15.0466,-25.8792,-0.296799,0.266904,0.303313,-0.29381,-0.00188117,0.0269495,4.6
29.8676,0.12537,-13.6311,24.6255,-15.0468,-25.8765,-0.297469,0.266914,0.303726,-0.294008,-0.00155881,0.0271747,4.7
29.8647,0.12804,-13.6012,24.5961,-15.047,-25.8737,-0.29814,0.266925,0.304139,-0.294207,-0.00123639,0.0273998,4.8
29.8617,0.130709,-13.5713,24.5667,-15.0471,-25.871,-0.298812,0.266936,0.304553,-0.294406,-0.000913928,0.0276251,4.9
29.8587,0.133378,-13.5413,24.5372,-15.0472,-25.8682,-0.299484,0.266948,0.304968,-0.294606,-0.00059141,0.0278504,5
29.8557,0.136048,-13.5113,24.5078,-15.0473,-25.8655,-0.300157,0.266959,0.305384,-0.294805,-0.00026884,0.0280758,5.1
29.8527,0.138717,-13.4813,24.4783,-15.0473,-25.8626,-0.300831,0.266971,0.3058,-0.295005,5.37825e-05,0.0283013,5.2
29.8497,0.141387,-13.4512,24.4487,-15.0473,-25.8598,-0.301505,0.266983,0.306216,-0.295205,0.000376459,0.0285268,5.3
29.8467,0.144057,-13.4211,24.4192,-15.0472,-25.857,-0.30218,0.266996,0.306634,-0.295406,0.00069919,0.0287525,5.4
29.8437,0.146727,-13.3909,24.3896,-15.0472,-25.8541,-0.302856,0.267008,0.307052,-0.295607,0.00102198,0.0289782,5.5
29.8406,0.149397,-13.3608,24.36,-15.0471,-25.8512,-0.303533,0.267021,0.307471,-0.295808,0.00134482,0.029204,5.6
29.8376,0.152067,-13.3305,24.3304,-15.0469,-25.8483,-0.30421,0.267034,0.30789,-0.29601,0.00166771,0.0294298,5.7
29.8345,0.154737,-13.3003,24.3007,-15.0468,-25.8453,-0.304888,0.267047,0.30831,-0.296211,0.00199067,0.0296558,5.8
29.8315,0.157408,-13.27,24.2711,-15.0466,-25.8424,-0.305567,0.267061,0.308731,-0.296414,0.00231368,0.0298818,5.9
29.8284,0.160078,-13.2397,24.2414,-15.0463,-25.8394,-0.306246,0.267075,0.309153,-0.296616,0.00263675,0.0301079,6
29.8254,0.162749,-13.2093,24.2117,-15.0461,-25.8364,-0.306926,0.267089,0.309575,-0.296819,0.00295988,0.0303341,6.1
29.8223,0.16542,-13.1789,24.1819,-15.0458,-25.8333,-0.307607,0.267103,0.309998,-0.297022,0.00328307,0.0305603,6.2
29.8192,0.168091,-13.1485,24.1521,-15.0454,-25.8303,-0.308289,0.267118,0.310422,-0.297225,0.00360632,0.0307866,6.3
29.8161,0.170762,-13.118,24.1224,-15.0451,-25.8272,-0.308971,0.267133,0.310846,-0.297429,0.00392963,0.0310131,6.4
29.8131,0.173434,-13.0875,24.0925,-15.0447,-25.8241,-0.309654,0.267148,0.311271,-0.297633,0.004253,0.0312396,6.5
29.81,0.176105,-13.057,24.0627,-15.0443,-25.821,-0.310338,0.267163,0.311697,-0.297837,0.00457643,0.0314661,6.6
29.8069,0.178777,-13.0264,24.0328,-15.0438,-25.8178,-0.311023,0.267178,0.312123,-0.298042,0.00489993,0.0316928,6.7
29.8037,0.181449,-12.9958,24.003,-15.0433,-25.8147,-0.311708,0.267194,0.31255,-0.298247,0.00522349,0.0319195,6.8
29.8006,0.18412,-12.9651,23.973,-15.0428,-25.8115,-0.312394,0.26721,0.312978,-0.298453,0.00554711,0.0321464,6.9
29.7975,0.186793,-12.9344,23.9431,-15.0422,-25.8082,-0.313081,0.267227,0.313407,-0.298658,0.0058708,0.0323733,7
29.7944,0.189465,-12.9037,23.9131,-15.0417,-25.805,-0.313769,0.267243,0.313836,-0.298864,0.00619456,0.0326003,7.1
29.7912,0.192137,-12.873,23.8832,-15.041,-25.8018,-0.314457,0.26726,0.314266,-0.299071,0.00651838,0.0328274,7.2
29.7881,0.19481,-12.8422,23.8532,-15.0404,-25.7985,-0.315147,0.267277,0.314697,-0.299277,0.00684227,0.0330545,7.3
29.7849,0.197483,-12.8113,23.8231,-15.0397,-25.7952,-0.315837,0.267294,0.315129,-0.299484,0.00716622,0.0332818,7.4
29.7818,0.200156,-12.7805,23.7931,-15.039,-25.7918,-0.316527,0.267312,0.315561,-0.299692,0.00749025,0.0335091,7.5
29.7786,0.202829,-12.7496,23.763,-15.0382,-25.7885,-0.317219,0.26733,0.315994,-0.299899,0.00781434,0.0337365,7.6
29.7754,0.205502,-12.7186,23.7329,-15.0375,-25.7851,-0.317911,0.267348,0.316428,-0.300107,0.0081385,0.033964,7.7
29.7723,0.208175,-12.6877,23.7027,-15.0366,-25.7817,-0.318604,0.267366,0.316862,-0.300316,0.00846274,0.0341916,7.8
29.7691,0.210849,-12.6566,23.6726,-15.0358,-25.7783,-0.319298,0.267385,0.317298,-0.300524,0.00878704,0.0344193,7.9
29.7659,0.213523,-12.6256,23.6424,-15.0349,-25.7749,-0.319993,0.267404,0.317734,-0.300733,0.00911142,0.0346471,8
29.7627,0.216197,-12.5945,23.6122,-15.034,-25.7714,-0.320689,0.267423,0.31817,-0.300943,0.00943586,0.0348749,8.1
29.7595,0.218871,-12.5634,23.582,-15.0331,-25.7679,-0.321385,0.267442,0.318608,-0.301152,0.00976038,0.0351029,8.2
29.7563,0.221546,-12.5322,23.5517,-15.0321,-25.7644,-0.322082,0.267462,0.319046,-0.301362,0.010085,0.0353309,8.3
29.753,0.22422,-12.501,23.5214,-15.0311,-25.7609,-0.32278,0.267482,0.319485,-0.301573,0.0104096,0.035559,8.4
29.7498,0.226895,-12.4698,23.4911,-15.03,-25.7573,-0.323479,0.267502,0.319925,-0.301783,0.0107344,0.0357873,8.5
29.7466,0.22957,-12.4385,23.4608,-15.029,-25.7537,-0.324179,0.267523,0.320365,-0.301994,0.0110592,0.0360156,8.6
29.7433,0.232245,-12.4072,23.4304,-15.0279,-25.7501,-0.324879,0.267543,0.320807,-0.302206,0.0113841,0.036244,8.7
29.7401,0.234921,-12.3758,23.4001,-15.0267,-25.7465,-0.32558,0.267564,0.321249,-0.302417,0.0117091,0.0364724,8.8
29.7368,0.237596,-12.3445,23.3697,-15.0255,-25.7429,-0.326282,0.267586,0.321692,-0.30263,0.0120341,0.036701,8.9
29.7336,0.240272,-12.313,23.3392,-15.0243,-25.7392,-0.326985,0.267607,0.322136,-0.302842,0.0123593,0.0369297,9
29.7303,0.242948,-12.2816,23.3088,-15.0231,-25.7355,-0.327689,0.267629,0.32258,-0.303055,0.0126845,0.0371585,9.1
29.727,0.245625,-12.2501,23.2783,-15.0218,-25.7318,-0.328394,0.267651,0.323025,-0.303268,0.0130098,0.0373873,9.2
29.7237,0.248301,-12.2185,23.2478,-15.0205,-25.728,-0.329099,0.267673,0.323471,-0.303481,0.0133351,0.0376163,9.3
29.7205,0.250978,-12.1869,23.2173,-15.0192,-25.7243,-0.329805,0.267696,0.323918,-0.303695,0.0136606,0.0378453,9.4
29.7172,0.253655,-12.1553,23.1867,-15.0178,-25.7205,-0.330512,0.267719,0.324366,-0.303909,0.0139861,0.0380745,9.5
29.7139,0.256332,-12.1237,23.1561,-15.0164,-25.7167,-0.33122,0.267742,0.324814,-0.304124,0.0143117,0.0383037,9.6
29.7105,0.259009,-12.092,23.1255,-15.015,-25.7128,-0.331929,0.267765,0.325263,-0.304339,0.0146374,0.0385331,9.7
29.7072,0.261687,-12.0603,23.0949,-15.0135,-25.709,-0.332639,0.267789,0.325714,-0.304554,0.0149632,0.0387625,9.8
29.7039,0.264365,-12.0285,23.0642,-15.012,-25.7051,-0.33335,0.267813,0.326164,-0.30477,0.0152891,0.038992,9.9
29.7006,0.267043,-11.9967,23.0336,-15.0105,-25.7012,-0.334061,0.267837,0.326616,-0.304985,0.0156151,0.0392217,10
29.6972,0.269722,-11.9648,23.0029,-15.009,-25.6973,-0.334773,0.267861,0.327069,-0.305202,0.0159411,0.0394514,10.1
29.6939,0.2724,-11.933,22.9721,-15.0074,-25.6934,-0.335487,0.267886,0.327522,-0.305418,0.0162672,0.0396812,10.2
29.6905,0.275079,-11.901,22.9414,-15.0057,-25.6894,-0.336201,0.267911,0.327976,-0.305636,0.0165934,0.0399111,10.3
29.6872,0.277758,-11.8691,22.9106,-15.0041,-25.6854,-0.336916,0.267936,0.328431,-0.305853,0.0169198,0.0401411,10.4
29.6838,0.280437,-11.8371,22.8798,-15.0024,-25.6814,-0.337631,0.267962,0.328887,-0.306071,0.0172461,0.0403713,10.5
29.6804,0.283117,-11.805,22.849,-15.0007,-25.6773,-0.338348,0.267988,0.329344,-0.306289,0.0175726,0.0406015,10.6
29.677,0.285797,-11.773,22.8181,-14.9989,-25.6733,-0.339066,0.268014,0.329801,-0.306507,0.0178992,0.0408318,10.7
29.6736,0.288477,-11.7408,22.7872,-14.9971,-25.6692,-0.339785,0.26804,0.330259,-0.306726,0.0182259,0.0410622,10.8
29.6702,0.291157,-11.7087,22.7563,-14.9953,-25.6651,-0.340504,0.268067,0.330719,-0.306945,0.0185526,0.0412928,10.9
29.6668,0.293838,-11.6765,22.7254,-14.9934,-25.661,-0.341224,0.268094,0.331179,-0.307165,0.0188795,0.0415234,11
29.6634,0.296519,-11.6443,22.6944,-14.9915,-25.6568,-0.341946,0.268121,0.331639,-0.307385,0.0192064,0.0417541,11.1
29.66,0.2992,-11.612,22.6634,-14.9896,-25.6526,-0.342668,0.268149,0.332101,-0.307605,0.0195335,0.041985,11.2
29.6566,0.301882,-11.5797,22.6324,-14.9877,-25.6484,-0.343391,0.268176,0.332564,-0.307826,0.0198606,0.0422159,11.3
29.6531,0.304564,-11.5473,22.6014,-14.9857,-25.6442,-0.344115,0.268205,0.333027,-0.308047,0.0201878,0.0424469,11.4
29.6497,0.307246,-11.5149,22.5703,-14.9837,-25.64,-0.34484,0.268233,0.333492,-0.308268,0.0205152,0.0426781,11.5
29.6463,0.309928,-11.4825,22.5392,-14.9816,-25.6357,-0.345566,0.268262,0.333957,-0.30849,0.0208426,0.0429093,11.6
29.6428,0.312611,-11.45,22.5081,-14.9795,-25.6314,-0.346293,0.26829,0.334423,-0.308713,0.0211701,0.0431407,11.7
29.6393,0.315293,-11.4175,22.4769,-14.9774,-25.6271,-0.347021,0.26832,0.33489,-0.308935,0.0214977,0.0433722,11.8
29.6359,0.317977,-11.385,22.4458,-14.9753,-25.6228,-0.34775,0.268349,0.335358,-0.309158,0.0218254,0.0436037,11.9
29.6324,0.32066,-11.3524,22.4146,-14.9731,-25.6184,-0.34848,0.268379,0.335826,-0.309381,0.0221533,0.0438354,12
29.6289,0.323344,-11.3197,22.3834,-14.9709,-25.614,-0.34921,0.268409,0.336296,-0.309605,0.0224812,0.0440672,12.1
29.6254,0.326028,-11.2871,22.3521,-14.9686,-25.6096,-0.349942,0.268439,0.336767,-0.309829,0.0228092,0.0442991,12.2
29.6219,0.328712,-11.2543,22.3208,-14.9663,-25.6052,-0.350675,0.26847,0.337238,-0.310054,0.0231373,0.0445311,12.3
29.6184,0.331397,-11.2216,22.2895,-14.964,-25.6007,-0.351408,0.268501,0.33771,-0.310279,0.0234656,0.0447632,12.4
29.6149,0.334082,-11.1888,22.2582,-14.9617,-25.5963,-0.352143,0.268532,0.338184,-0.310504,0.0237939,0.0449954,12.5
29.6114,0.336767,-11.156,22.2269,-14.9593,-25.5918,-0.352878,0.268564,0.338658,-0.31073,0.0241223,0.0452278,12.6
29.6078,0.339453,-11.1231,22.1955,-14.9569,-25.5872,-0.353615,0.268596,0.339133,-0.310956,0.0244509,0.0454602,12.7
29.6043,0.342139,-11.0902,22.1641,-14.9544,-25.5827,-0.354353,0.268628,0.339609,-0.311182,0.0247795,0.0456928,12.8
29.6008,0.344825,-11.0572,22.1326,-14.952,-25.5781,-0.355091,0.26866,0.340086,-0.311409,0.0251083,0.0459254,12.9
29.5972,0.347512,-11.0242,22.1012,-14.9495,-25.5735,-0.355831,0.268693,0.340564,-0.311636,0.0254371,0.0461582,13
29.5936,0.350199,-10.9912,22.0697,-14.9469,-25.5689,-0.356571,0.268726,0.341042,-0.311864,0.0257661,0.0463911,13.1
29.5901,0.352886,-10.9581,22.0382,-14.9443,-25.5643,-0.357313,0.268759,0.341522,-0.312092,0.0260952,0.0466241,13.2
29.5865,0.355574,-10.925,22.0066,-14.9417,-25.5596,-0.358055,0.268793,0.342003,-0.31232,0.0264244,0.0468572,13.3
29.5829,0.358262,-10.8918,21.9751,-14.9391,-25.5549,-0.358799,0.268827,0.342484,-0.312549,0.0267537,0.0470904,13.4
29.5793,0.36095,-10.8586,21.9435,-14.9364,-25.5502,-0.359544,0.268861,0.342967,-0.312778,0.0270831,0.0473238,13.5
29.5757,0.363638,-10.8254,21.9119,-14.9337,-25.5455,-0.360289,0.268895,0.34345,-0.313008,0.0274126,0.0475573,13.6
29.5721,0.366327,-10.7921,21.8802,-14.931,-25.5407,-0.361036,0.26893,0.343935,-0.313238,0.0277423,0.0477908,13.7
29.5685,0.369017,-10.7587,21.8486,-14.9282,-25.5359,-0.361784,0.268965,0.34442,-0.313468,0.028072,0.0480245,13.8
29.5649,0.371706,-10.7254,21.8169,-14.9254,-25.5311,-0.362532,0.269001,0.344906,-0.313699,0.0284019,0.0482583,13.9
29.5613,0.374396,-10.692,21.7851,-14.9225,-25.5263,-0.363282,0.269036,0.345394,-0.31393,0.0287319,0.0484923,14
29.5577,0.377087,-10.6585,21.7534,-14.9197,-25.5215,-0.364033,0.269072,0.345882,-0.314162,0.029062,0.0487263,14.1
29.554,0.379777,-10.625,21.7216,-14.9168,-25.5166,-0.364785,0.269109,0.346371,-0.314394,0.0293922,0.0489605,14.2
29.5504,0.382469,-10.5915,21.6898,-14.9138,-25.5117,-0.365538,0.269145,0.346862,-0.314627,0.0297225,0.0491948,14.3
29.5467,0.38516,-10.5579,21.658,-14.9108,-25.5068,-0.366292,0.269182,0.347353,-0.314859,0.030053,0.0494292,14.4
29.543,0.387852,-10.5243,21.6261,-14.9078,-25.5018,-0.367047,0.269219,0.347845,-0.315093,0.0303835,0.0496637,14.5
29.5394,0.390544,-10.4906,21.5942,-14.9048,-25.4969,-0.367803,0.269257,0.348338,-0.315326,0.0307142,0.0498983,14.6
29.5357,0.393237,-10.4569,21.5623,-14.9017,-25.4919,-0.368561,0.269295,0.348833,-0.315561,0.031045,0.0501331,14.7
29.532,0.39593,-10.4231,21.5303,-14.8986,-25.4869,-0.369319,0.269333,0.349328,-0.315795,0.031376,0.050368,14.8
29.5283,0.398623,-10.3893,21.4984,-14.8955,-25.4818,-0.370079,0.269371,0.349824,-0.31603,0.031707,0.050603,14.9
29.5246,0.401317,-10.3555,21.4664,-14.8923,-25.4768,-0.370839,0.26941,0.350321,-0.316265,0.0320382,0.0508381,15
29.5209,0.404011,-10.3216,21.4344,-14.8891,-25.4717,-0.371601,0.269449,0.35082,-0.316501,0.0323695,0.0510734,15.1
29.5172,0.406705,-10.2877,21.4023,-14.8859,-25.4666,-0.372364,0.269489,0.351319,-0.316737,0.0327009,0.0513087,15.2
29.5135,0.4094,-10.2537,21.3702,-14.8826,-25.4614,-0.373127,0.269528,0.351819,-0.316974,0.0330325,0.0515442,15.3
29.5097,0.412095,-10.2197,21.3381,-14.8793,-25.4563,-0.373892,0.269568,0.35232,-0.317211,0.0333641,0.0517799,15.4
29.506,0.414791,-10.1857,21.306,-14.876,-25.4511,-0.374659,0.269609,0.352823,-0.317449,0.033696,0.0520156,15.5
29.5023,0.417487,-10.1516,21.2738,-14.8726,-25.4459,-0.375426,0.26965,0.353326,-0.317687,0.0340279,0.0522515,15.6
29.4985,0.420184,-10.1174,21.2416,-14.8692,-25.4407,-0.376194,0.269691,0.353831,-0.317925,0.0343599,0.0524875,15.7
29.4947,0.422881,-10.0833,21.2094,-14.8658,-25.4354,-0.376964,0.269732,0.354336,-0.318164,0.0346921,0.0527236,15.8
29.491,0.425578,-10.049,21.1772,-14.8623,-25.4302,-0.377734,0.269774,0.354843,-0.318403,0.0350245,0.0529599,15.9
29.4872,0.428276,-10.0148,21.1449,-14.8588,-25.4249,-0.378506,0.269815,0.355351,-0.318643,0.0353569,0.0531963,16
29.4834,0.430974,-9.98044,21.1126,-14.8553,-25.4195,-0.379279,0.269858,0.355859,-0.318883,0.0356895,0.0534328,16.1
29.4796,0.433672,-9.94608,21.0803,-14.8517,-25.4142,-0.380053,0.2699,0.356369,-0.319123,0.0360222,0.0536694,16.2
29.4758,0.436371,-9.91168,21.0479,-14.8481,-25.4088,-0.380829,0.269943,0.35688,-0.319364,0.0363551,0.0539062,16.3
29.472,0.439071,-9.87723,21.0155,-14.8444,-25.4034,-0.381605,0.269987,0.357392,-0.319606,0.0366881,0.0541431,16.4
29.4682,0.441771,-9.84274,20.9831,-14.8408,-25.398,-0.382383,0.27003,0.357905,-0.319848,0.0370212,0.0543801,16.5
29.4644,0.444471,-9.8082,20.9507,-14.8371,-25.3926,-0.383162,0.270074,0.358419,-0.32009,0.0373544,0.0546173,16.6
29.4605,0.447172,-9.77362,20.9182,-14.8333,-25.3871,-0.383942,0.270118,0.358934,-0.320333,0.0376878,0.0548546,16.7
29.4567,0.449873,-9.73899,20.8857,-14.8296,-25.3816,-0.384723,0.270163,0.359451,-0.320576,0.0380214,0.055092,16.8
29.4528,0.452574,-9.70432,20.8532,-14.8258,-25.3761,-0.385505,0.270208,0.359968,-0.320819,0.038355,0.0553296,16.9
29.449,0.455277,-9.66961,20.8206,-14.8219,-25.3706,-0.386289,0.270253,0.360486,-0.321064,0.0386888,0.0555673,17
29.4451,0.457979,-9.63485,20.788,-14.8181,-25.365,-0.387074,0.270299,0.361006,-0.321308,0.0390228,0.0558051,17.1
29.4413,0.460682,-9.60004,20.7554,-14.8142,-25.3595,-0.38786,0.270345,0.361527,-0.321553,0.0393569,0.056043,17.2
29.4374,0.463386,-9.56519,20.7228,-14.8102,-25.3539,-0.388647,0.270391,0.362049,-0.321798,0.0396911,0.0562811,17.3
29.4335,0.466089,-9.5303,20.6901,-14.8063,-25.3482,-0.389436,0.270438,0.362572,-0.322044,0.0400255,0.0565194,17.4
29.4296,0.468794,-9.49536,20.6574,-14.8023,-25.3426,-0.390226,0.270485,0.363096,-0.322291,0.04036,0.0567577,17.5
29.4257,0.471499,-9.46037,20.6247,-14.7982,-25.3369,-0.391017,0.270532,0.363621,-0.322538,0.0406947,0.0569962,17.6
29.4218,0.474204,-9.42534,20.5919,-14.7941,-25.3312,-0.391809,0.270579,0.364148,-0.322785,0.0410295,0.0572349,17.7
29.4179,0.47691,-9.39026,20.5592,-14.79,-25.3255,-0.392602,0.270627,0.364675,-0.323033,0.0413644,0.0574737,17.8
29.4139,0.479616,-9.35514,20.5264,-14.7859,-25.3197,-0.393397,0.270676,0.365204,-0.323281,0.0416995,0.0577126,17.9
29.41,0.482323,-9.31997,20.4935,-14.7817,-25.314,-0.394193,0.270724,0.365734,-0.32353,0.0420348,0.0579516,18
29.4061,0.48503,-9.28475,20.4607,-14.7775,-25.3082,-0.39499,0.270773,0.366265,-0.323779,0.0423702,0.0581908,18.1
29.4021,0.487738,-9.24949,20.4278,-14.7733,-25.3024,-0.395789,0.270823,0.366797,-0.324028,0.0427057,0.0584302,18.2
29.3982,0.490446,-9.21418,20.3948,-14.769,-25.2965,-0.396589,0.270872,0.367331,-0.324278,0.0430414,0.0586696,18.3
29.3942,0.493155,-9.17883,20.3619,-14.7647,-25.2906,-0.39739,0.270923,0.367866,-0.324529,0.0433773,0.0589093,18.4
29.3902,0.495864,-9.14342,20.3289,-14.7604,-25.2848,-0.398193,0.270973,0.368401,-0.32478,0.0437133,0.059149,18.5
29.3862,0.498574,-9.10798,20.2959,-14.756,-25.2788,-0.398996,0.271024,0.368938,-0.325031,0.0440494,0.0593889,18.6
29.3822,0.501284,-9.07248,20.2628,-14.7516,-25.2729,-0.399801,0.271075,0.369477,-0.325283,0.0443857,0.059629,18.7
29.3783,0.503995,-9.03694,20.2298,-14.7472,-25.2669,-0.400608,0.271126,0.370016,-0.325536,0.0447222,0.0598691,18.8
29.3742,0.506706,-9.00135,20.1967,-14.7427,-25.2609,-0.401416,0.271178,0.370557,-0.325789,0.0450588,0.0601095,18.9
29.3702,0.509418,-8.96572,20.1635,-14.7382,-25.2549,-0.402225,0.27123,0.371099,-0.326042,0.0453956,0.06035,19
29.3662,0.51213,-8.93003,20.1304,-14.7337,-25.2489,-0.403035,0.271283,0.371642,-0.326296,0.0457325,0.0605906,19.1
29.3622,0.514843,-8.8943,20.0972,-14.7291,-25.2428,-0.403847,0.271336,0.372186,-0.326551,0.0460696,0.0608313,19.2
29.3581,0.517556,-8.85853,20.064,-14.7245,-25.2368,-0.40466,0.271389,0.372732,-0.326806,0.0464069,0.0610722,19.3
29.3541,0.52027,-8.8227,20.0307,-14.7198,-25.2307,-0.405474,0.271442,0.373279,-0.327061,0.0467443,0.0613133,19.4
29.35,0.522985,-8.78683,19.9975,-14.7152,-25.2245,-0.40629,0.271496,0.373827,-0.327317,0.0470819,0.0615545,19.5
29.346,0.525699,-8.75091,19.9642,-14.7104,-25.2184,-0.407107,0.271551,0.374376,-0.327573,0.0474196,0.0617959,19.6
29.3419,0.528415,-8.71494,19.9308,-14.7057,-25.2122,-0.407926,0.271605,0.374927,-0.32783,0.0477575,0.0620374,19.7
29.3378,0.531131,-8.67892,19.8975,-14.7009,-25.206,-0.408746,0.27166,0.375479,-0.328087,0.0480956,0.062279,19.8
29.3337,0.533848,-8.64286,19.8641,-14.6961,-25.1998,-0.409567,0.271716,0.376032,-0.328345,0.0484338,0.0625208,19.9
29.3296,0.536565,-8.60674,19.8306,-14.6913,-25.1935,-0.41039,0.271772,0.376586,-0.328604,0.0487722,0.0627628,20
29.3255,0.539283,-8.57058,19.7972,-14.6864,-25.1872,-0.411214,0.271828,0.377142,-0.328862,0.0491107,0.0630049,20.1
29.3214,0.542001,-8.53437,19.7637,-14.6815,-25.1809,-0.412039,0.271884,0.377699,-0.329122,0.0494495,0.0632471,20.2
29.3173,0.54472,-8.49811,19.7302,-14.6765,-25.1746,-0.412866,0.271941,0.378257,-0.329382,0.0497884,0.0634895,20.3
29.3132,0.547439,-8.4618,19.6966,-14.6716,-25.1683,-0.413695,0.271999,0.378817,-0.329642,0.0501274,0.0637321,20.4
29.309,0.550159,-8.42545,19.6631,-14.6666,-25.1619,-0.414525,0.272056,0.379378,-0.329903,0.0504667,0.0639748,20.5
29.3049,0.55288,-8.38904,19.6295,-14.6615,-25.1555,-0.415356,0.272114,0.37994,-0.330164,0.0508061,0.0642177,20.6
29.3007,0.555601,-8.35259,19.5958,-14.6564,-25.1491,-0.416189,0.272173,0.380504,-0.330426,0.0511456,0.0644607,20.7
29.2966,0.558322,-8.31608,19.5622,-14.6513,-25.1426,-0.417023,0.272232,0.381069,-0.330689,0.0514854,0.0647039,20.8
29.2924,0.561045,-8.27953,19.5285,-14.6462,-25.1361,-0.417858,0.272291,0.381635,-0.330952,0.0518253,0.0649472,20.9
29.2882,0.563768,-8.24292,19.4948,-14.641,-25.1296,-0.418696,0.27235,0.382203,-0.331215,0.0521654,0.0651907,21
29.284,0.566491,-8.20627,19.461,-14.6358,-25.1231,-0.419534,0.27241,0.382772,-0.331479,0.0525057,0.0654343,21.1
29.2798,0.569215,-8.16957,19.4272,-14.6305,-25.1166,-0.420374,0.272471,0.383342,-0.331743,0.0528461,0.0656781,21.2
29.2756,0.57194,-8.13282,19.3934,-14.6252,-25.11,-0.421216,0.272531,0.383914,-0.332008,0.0531868,0.0659221,21.3
29.2714,0.574665,-8.09601,19.3596,-14.6199,-25.1034,-0.422059,0.272592,0.384487,-0.332274,0.0535276,0.0661662,21.4
29.2672,0.577391,-8.05916,19.3257,-14.6146,-25.0968,-0.422903,0.272654,0.385061,-0.33254,0.0538685,0.0664105,21.5
29.263,0.580118,-8.02226,19.2918,-14.6092,-25.0902,-0.42375,0.272716,0.385637,-0.332807,0.0542097,0.0666549,21.6
29.2587,0.582845,-7.9853,19.2578,-14.6037,-25.0835,-0.424597,0.272778,0.386215,-0.333074,0.0545511,0.0668995,21.7
29.2545,0.585573,-7.9483,19.2239,-14.5983,-25.0768,-0.425446,0.272841,0.386793,-0.333342,0.0548926,0.0671443,21.8
29.2502,0.588301,-7.91124,19.1899,-14.5928,-25.0701,-0.426297,0.272904,0.387373,-0.33361,0.0552343,0.0673892,21.9
29.246,0.59103,-7.87414,19.1558,-14.5873,-25.0634,-0.427149,0.272967,0.387955,-0.333878,0.0555762,0.0676343,22
29.2417,0.59376,-7.83698,19.1218,-14.5817,-25.0566,-0.428003,0.273031,0.388538,-0.334148,0.0559183,0.0678795,22.1
29.2374,0.59649,-7.79977,19.0877,-14.5761,-25.0498,-0.428858,0.273095,0.389122,-0.334418,0.0562606,0.0681249,22.2
29.2331,0.599221,-7.76251,19.0536,-14.5705,-25.043,-0.429715,0.27316,0.389708,-0.334688,0.056603,0.0683705,22.3
29.2288,0.601953,-7.7252,19.0194,-14.5648,-25.0362,-0.430574,0.273225,0.390295,-0.334959,0.0569457,0.0686162,22.4
29.2245,0.604685,-7.68784,18.9852,-14.5592,-25.0293,-0.431434,0.27329,0.390884,-0.33523,0.0572885,0.0688621,22.5
29.2202,0.607418,-7.65042,18.951,-14.5534,-25.0224,-0.432296,0.273356,0.391474,-0.335502,0.0576315,0.0691082,22.6
29.2159,0.610151,-7.61296,18.9168,-14.5477,-25.0155,-0.433159,0.273423,0.392066,-0.335775,0.0579747,0.0693544,22.7
29.2116,0.612886,-7.57544,18.8825,-14.5419,-25.0086,-0.434024,0.273489,0.392659,-0.336048,0.0583181,0.0696008,22.8
29.2072,0.615621,-7.53787,18.8482,-14.536,-25.0016,-0.43489,0.273556,0.393254,-0.336322,0.0586617,0.0698474,22.9
29.2029,0.618356,-7.50024,18.8138,-14.5302,-24.9946,-0.435759,0.273624,0.39385,-0.336596,0.0590055,0.0700941,23
29.1985,0.621092,-7.46257,18.7795,-14.5243,-24.9876,-0.436628,0.273692,0.394448,-0.336871,0.0593495,0.070341,23.1
29.1942,0.623829,-7.42484,18.7451,-14.5183,-24.9806,-0.4375,0.27376,0.395047,-0.337146,0.0596937,0.0705881,23.2
29.1898,0.626567,-7.38706,18.7106,-14.5124,-24.9735,-0.438373,0.273829,0.395647,-0.337422,0.0600381,0.0708354,23.3
29.1854,0.629305,-7.34923,18.6762,-14.5064,-24.9664,-0.439248,0.273898,0.39625,-0.337699,0.0603827,0.0710828,23.4
29.181,0.632044,-7.31134,18.6417,-14.5003,-24.9593,-0.440124,0.273968,0.396853,-0.337976,0.0607275,0.0713304,23.5
29.1766,0.634784,-7.2734,18.6071,-14.4942,-24.9522,-0.441002,0.274038,0.397459,-0.338253,0.0610724,0.0715781,23.6
29.1722,0.637524,-7.23541,18.5726,-14.4881,-24.945,-0.441882,0.274108,0.398066,-0.338532,0.0614176,0.0718261,23.7
29.1678,0.640265,-7.19736,18.538,-14.482,-24.9379,-0.442764,0.274179,0.398674,-0.33881,0.061763,0.0720742,23.8
29.1633,0.643007,-7.15926,18.5034,-14.4758,-24.9306,-0.443647,0.27425,0.399284,-0.33909,0.0621086,0.0723224,23.9
29.1589,0.64575,-7.12111,18.4687,-14.4696,-24.9234,-0.444532,0.274322,0.399896,-0.33937,0.0624544,0.0725709,24
29.1545,0.648493,-7.0829,18.434,-14.4634,-24.9162,-0.445419,0.274394,0.400509,-0.33965,0.0628004,0.0728195,24.1
29.15,0.651237,-7.04464,18.3993,-14.4571,-24.9089,-0.446307,0.274467,0.401123,-0.339931,0.0631466,0.0730683,24.2
29.1455,0.653981,-7.00632,18.3645,-14.4508,-24.9016,-0.447197,0.27454,0.40174,-0.340213,0.063493,0.0733173,24.3
29.1411,0.656727,-6.96795,18.3297,-14.4444,-24.8942,-0.448089,0.274613,0.402358,-0.340495,0.0638396,0.0735665,24.4
29.1366,0.659473,-6.92953,18.2949,-14.438,-24.8869,-0.448983,0.274687,0.402977,-0.340778,0.0641865,0.0738158,24.5
29.1321,0.66222,-6.89105,18.2601,-14.4316,-24.8795,-0.449879,0.274761,0.403599,-0.341062,0.0645335,0.0740653,24.6
29.1276,0.664967,-6.85251,18.2252,-14.4252,-24.8721,-0.450776,0.274836,0.404221,-0.341346,0.0648807,0.074315,24.7
29.1231,0.667716,-6.81392,18.1903,-14.4187,-24.8647,-0.451675,0.274911,0.404846,-0.34163,0.0652282,0.0745649,24.8
29.1186,0.670465,-6.77528,18.1553,-14.4122,-24.8572,-0.452576,0.274987,0.405472,-0.341916,0.0655759,0.074815,24.9
29.1141,0.673215,-6.73658,18.1204,-14.4056,-24.8497,-0.453478,0.275063,0.4061,-0.342202,0.0659238,0.0750652,25
29.1095,0.675965,-6.69782,18.0853,-14.399,-24.8422,-0.454383,0.275139,0.406729,-0.342488,0.0662719,0.0753156,25.1
29.105,0.678717,-6.65901,18.0503,-14.3924,-24.8347,-0.455289,0.275216,0.407361,-0.342775,0.0666202,0.0755662,25.2
29.1004,0.681469,-6.62014,18.0152,-14.3857,-24.8271,-0.456198,0.275294,0.407994,-0.343063,0.0669688,0.075817,25.3
29.0959,0.684222,-6.58122,17.9801,-14.379,-24.8195,-0.457108,0.275372,0.408628,-0.343351,0.0673175,0.076068,25.4
29.0913,0.686976,-6.54224,17.945,-14.3723,-24.8119,-0.45802,0.27545,0.409264,-0.34364,0.0676665,0.0763191,25.5
29.0867,0.68973,-6.50321,17.9098,-14.3655,-24.8043,-0.458933,0.275529,0.409902,-0.34393,0.0680157,0.0765704,25.6
29.0821,0.692485,-6.46412,17.8746,-14.3587,-24.7966,-0.459849,0.275608,0.410542,-0.34422,0.0683651,0.076822,25.7
29.0775,0.695241,-6.42497,17.8393,-14.3519,-24.789,-0.460767,0.275688,0.411184,-0.344511,0.0687148,0.0770737,25.8
29.0729,0.697998,-6.38576,17.8041,-14.345,-24.7813,-0.461686,0.275768,0.411827,-0.344802,0.0690647,0.0773256,25.9
29.0683,0.700756,-6.3465,17.7687,-14.3381,-24.7735,-0.462608,0.275849,0.412472,-0.345094,0.0694148,0.0775777,26
29.0637,0.703514,-6.30718,17.7334,-14.3312,-24.7658,-0.463531,0.27593,0.413119,-0.345387,0.0697651,0.0778299,26.1
29.059,0.706274,-6.2678,17.698,-14.3242,-24.758,-0.464456,0.276011,0.413767,-0.34568,0.0701157,0.0780824,26.2
29.0544,0.709034,-6.22837,17.6626,-14.3172,-24.7502,-0.465383,0.276093,0.414418,-0.345974,0.0704665,0.078335,26.3
29.0497,0.711795,-6.18888,17.6272,-14.3101,-24.7423,-0.466313,0.276176,0.41507,-0.346269,0.0708175,0.0785879,26.4
29.0451,0.714557,-6.14933,17.5917,-14.303,-24.7345,-0.467244,0.276259,0.415724,-0.346564,0.0711687,0.0788409,26.5
29.0404,0.717319,-6.10972,17.5562,-14.2959,-24.7266,-0.468177,0.276342,0.41638,-0.34686,0.0715202,0.0790941,26.6
29.0357,0.720083,-6.07006,17.5206,-14.2888,-24.7187,-0.469112,0.276426,0.417037,-0.347156,0.0718719,0.0793475,26.7
29.031,0.722847,-6.03033,17.4851,-14.2816,-24.7108,-0.470049,0.27651,0.417697,-0.347453,0.0722239,0.0796011,26.8
29.0263,0.725612,-5.99055,17.4495,-14.2744,-24.7028,-0.470988,0.276595,0.418358,-0.347751,0.0725761,0.0798549,26.9
29.0216,0.728378,-5.95071,17.4138,-14.2671,-24.6948,-0.47193,0.276681,0.419021,-0.348049,0.0729285,0.0801089,27
29.0169,0.731145,-5.91081,17.3781,-14.2598,-24.6868,-0.472873,0.276767,0.419686,-0.348349,0.0732811,0.0803631,27.1
29.0122,0.733912,-5.87085,17.3424,-14.2525,-24.6788,-0.473818,0.276853,0.420353,-0.348648,0.073634,0.0806175,27.2
29.0074,0.736681,-5.83083,17.3067,-14.2451,-24.6707,-0.474766,0.27694,0.421022,-0.348949,0.0739872,0.0808721,27.3
29.0027,0.73945,-5.79075,17.2709,-14.2377,-24.6626,-0.475715,0.277027,0.421693,-0.34925,0.0743406,0.0811269,27.4
28.9979,0.742221,-5.75061,17.2351,-14.2303,-24.6545,-0.476667,0.277115,0.422366,-0.349552,0.0746942,0.0813819,27.5
28.9932,0.744992,-5.71042,17.1992,-14.2228,-24.6464,-0.47762,0.277203,0.42304,-0.349854,0.0750481,0.081637,27.6
28.9884,0.747764,-5.67016,17.1633,-14.2153,-24.6382,-0.478576,0.277292,0.423717,-0.350157,0.0754022,0.0818924,27.7
28.9836,0.750537,-5.62984,17.1274,-14.2078,-24.63,-0.479534,0.277381,0.424396,-0.350461,0.0757565,0.082148,27.8
28.9788,0.75331,-5.58946,17.0915,-14.2002,-24.6218,-0.480494,0.277471,0.425076,-0.350765,0.0761111,0.0824038,27.9
28.974,0.756085,-5.54903,17.0555,-14.1926,-24.6136,-0.481456,0.277561,0.425759,-0.35107,0.076466,0.0826597,28
28.9692,0.758861,-5.50853,17.0195,-14.1849,-24.6053,-0.48242,0.277652,0.426443,-0.351376,0.0768211,0.0829159,28.1
28.9644,0.761637,-5.46797,16.9834,-14.1773,-24.597,-0.483387,0.277743,0.427129,-0.351683,0.0771765,0.0831723,28.2
28.9595,0.764415,-5.42735,16.9473,-14.1695,-24.5887,-0.484355,0.277835,0.427818,-0.35199,0.0775321,0.0834289,28.3
28.9547,0.767193,-5.38666,16.9112,-14.1618,-24.5803,-0.485326,0.277928,0.428508,-0.352298,0.0778879,0.0836857,28.4
28.9498,0.769972,-5.34592,16.875,-14.154,-24.572,-0.486299,0.278021,0.429201,-0.352606,0.0782441,0.0839427,28.5
28.945,0.772753,-5.30512,16.8388,-14.1462,-24.5636,-0.487275,0.278114,0.429896,-0.352916,0.0786004,0.0841998,28.6
28.9401,0.775534,-5.26425,16.8026,-14.1383,-24.5552,-0.488252,0.278208,0.430592,-0.353226,0.0789571,0.0844573,28.7
28.9352,0.778316,-5.22332,16.7663,-14.1304,-24.5467,-0.489232,0.278302,0.431291,-0.353536,0.079314,0.0847149,28.8
28.9303,0.781099,-5.18233,16.73,-14.1225,-24.5382,-0.490214,0.278397,0.431992,-0.353848,0.0796711,0.0849727,28.9
28.9254,0.783883,-5.14127,16.6937,-14.1145,-24.5297,-0.491199,0.278493,0.432695,-0.35416,0.0800285,0.0852307,29
28.9205,0.786668,-5.10015,16.6573,-14.1065,-24.5212,-0.492185,0.278589,0.4334,-0.354473,0.0803862,0.0854889,29.1
28.9156,0.789454,-5.05898,16.6209,-14.0985,-24.5127,-0.493174,0.278685,0.434107,-0.354786,0.0807441,0.0857474,29.2
28.9107,0.79224,-5.01773,16.5845,-14.0904,-24.5041,-0.494165,0.278782,0.434816,-0.3551,0.0811024,0.086006,29.3
28.9057,0.795028,-4.97643,16.548,-14.0823,-24.4955,-0.495159,0.27888,0.435528,-0.355415,0.0814608,0.0862649,29.4
28.9008,0.797817,-4.93506,16.5115,-14.0741,-24.4869,-0.496155,0.278978,0.436241,-0.355731,0.0818196,0.086524,29.5
28.8958,0.800607,-4.89362,16.4749,-14.066,-24.4782,-0.497153,0.279077,0.436957,-0.356047,0.0821786,0.0867833,29.6
28.8908,0.803398,-4.85212,16.4383,-14.0577,-24.4695,-0.498154,0.279176,0.437675,-0.356364,0.0825378,0.0870428,29.7
28.8858,0.806189,-4.81056,16.4017,-14.0495,-24.4608,-0.499157,0.279276,0.438395,-0.356682,0.0828974,0.0873025,29.8
28.8809,0.808982,-4.76894,16.3651,-14.0412,-24.4521,-0.500163,0.279376,0.439118,-0.357001,0.0832572,0.0875624,29.9
28.8759,0.811776,-4.72725,16.3284,-14.0329,-24.4433,-0.501171,0.279477,0.439842,-0.35732,0.0836173,0.0878226,30
28.8708,0.814571,-4.68549,16.2916,-14.0245,-24.4346,-0.502181,0.279578,0.440569,-0.35764,0.0839777,0.0880829,30.1
28.8658,0.817366,-4.64367,16.2549,-14.0161,-24.4258,-0.503194,0.27968,0.441298,-0.357961,0.0843383,0.0883435,30.2
28.8608,0.820163,-4.60179,16.2181,-14.0077,-24.4169,-0.504209,0.279783,0.44203,-0.358282,0.0846992,0.0886043,30.3
28.8557,0.822961,-4.55983,16.1812,-13.9992,-24.4081,-0.505227,0.279886,0.442764,-0.358605,0.0850604,0.0888653,30.4
28.8507,0.82576,-4.51782,16.1444,-13.9907,-24.3992,-0.506247,0.279989,0.4435,-0.358928,0.0854219,0.0891265,30.5
28.8456,0.82856,-4.47574,16.1074,-13.9822,-24.3903,-0.50727,0.280093,0.444238,-0.359252,0.0857837,0.089388,30.6
28.8406,0.831361,-4.43359,16.0705,-13.9736,-24.3813,-0.508295,0.280198,0.444979,-0.359576,0.0861457,0.0896496,30.7
28.8355,0.834163,-4.39137,16.0335,-13.965,-24.3724,-0.509323,0.280304,0.445722,-0.359902,0.0865081,0.0899115,30.8
28.8304,0.836966,-4.34909,15.9965,-13.9563,-24.3634,-0.510353,0.280409,0.446467,-0.360228,0.0868707,0.0901737,30.9
28.8253,0.83977,-4.30674,15.9594,-13.9476,-24.3543,-0.511386,0.280516,0.447215,-0.360555,0.0872336,0.090436,31
28.8202,0.842575,-4.26433,15.9223,-13.9389,-24.3453,-0.512422,0.280623,0.447965,-0.360882,0.0875968,0.0906985,31.1
28.815,0.845381,-4.22184,15.8852,-13.9302,-24.3362,-0.51346,0.280731,0.448718,-0.361211,0.0879602,0.0909613,31.2
28.8099,0.848189,-4.17929,15.848,-13.9214,-24.3271,-0.514501,0.280839,0.449473,-0.36154,0.088324,0.0912243,31.3
28.8048,0.850997,-4.13668,15.8108,-13.9125,-24.318,-0.515544,0.280948,0.45023,-0.36187,0.0886881,0.0914876,31.4
28.7996,0.853806,-4.09399,15.7736,-13.9037,-24.3089,-0.51659,0.281057,0.45099,-0.362201,0.0890524,0.091751,31.5
28.7944,0.856617,-4.05124,15.7363,-13.8948,-24.2997,-0.517639,0.281167,0.451752,-0.362532,0.0894171,0.0920147,31.6
28.7893,0.859429,-4.00841,15.699,-13.8858,-24.2905,-0.518691,0.281278,0.452517,-0.362864,0.089782,0.0922786,31.7
28.7841,0.862241,-3.96552,15.6616,-13.8768,-24.2813,-0.519745,0.281389,0.453285,-0.363198,0.0901473,0.0925428,31.8
28.7789,0.865055,-3.92256,15.6242,-13.8678,-24.272,-0.520802,0.281501,0.454054,-0.363532,0.0905128,0.0928071,31.9
28.7737,0.86787,-3.87954,15.5868,-13.8588,-24.2627,-0.521861,0.281613,0.454827,-0.363866,0.0908787,0.0930717,32
28.7685,0.870686,-3.83644,15.5493,-13.8497,-24.2534,-0.522924,0.281726,0.455602,-0.364202,0.0912448,0.0933366,32.1
28.7632,0.873504,-3.79327,15.5118,-13.8406,-24.2441,-0.523989,0.28184,0.456379,-0.364538,0.0916113,0.0936016,32.2
28.758,0.876322,-3.75003,15.4743,-13.8314,-24.2347,-0.525057,0.281954,0.45716,-0.364875,0.091978,0.0938669,32.3
28.7527,0.879142,-3.70672,15.4367,-13.8222,-24.2253,-0.526128,0.282069,0.457942,-0.365213,0.0923451,0.0941324,32.4
28.7475,0.881962,-3.66335,15.3991,-13.813,-24.2159,-0.527201,0.282184,0.458728,-0.365552,0.0927125,0.0943982,32.5
28.7422,0.884784,-3.6199,15.3614,-13.8037,-24.2065,-0.528278,0.2823,0.459516,-0.365892,0.0930801,0.0946642,32.6
28.7369,0.887607,-3.57638,15.3237,-13.7944,-24.197,-0.529357,0.282417,0.460306,-0.366232,0.0934481,0.0949304,32.7
28.7316,0.890431,-3.53279,15.286,-13.785,-24.1875,-0.530439,0.282534,0.4611,-0.366574,0.0938164,0.0951969,32.8
28.7263,0.893257,-3.48912,15.2482,-13.7757,-24.178,-0.531524,0.282652,0.461896,-0.366916,0.094185,0.0954636,32.9
28.721,0.896083,-3.44539,15.2104,-13.7662,-24.1685,-0.532612,0.28277,0.462694,-0.367259,0.094554,0.0957305,33
28.7157,0.898911,-3.40158,15.1726,-13.7568,-24.1589,-0.533703,0.28289,0.463496,-0.367603,0.0949232,0.0959977,33.1
28.7103,0.90174,-3.35771,15.1347,-13.7473,-24.1493,-0.534797,0.283009,0.4643,-0.367947,0.0952928,0.0962651,33.2
28.705,0.90457,-3.31376,15.0967,-13.7378,-24.1397,-0.535894,0.28313,0.465107,-0.368293,0.0956627,0.0965328,33.3
28.6996,0.907401,-3.26973,15.0588,-13.7282,-24.13,-0.536994,0.283251,0.465917,-0.368639,0.0960329,0.0968007,33.4
28.6943,0.910234,-3.22564,15.0208,-13.7186,-24.1203,-0.538097,0.283373,0.466729,-0.368986,0.0964034,0.0970688,33.5
28.6889,0.913067,-3.18147,14.9827,-13.7089,-24.1106,-0.539203,0.283495,0.467545,-0.369334,0.0967742,0.0973372,33.6
28.6835,0.915902,-3.13722,14.9446,-13.6993,-24.1009,-0.540312,0.283618,0.468363,-0.369683,0.0971454,0.0976058,33.7
28.6781,0.918739,-3.09291,14.9065,-13.6896,-24.0911,-0.541424,0.283742,0.469184,-0.370033,0.0975169,0.0978747,33.8
28.6727,0.921576,-3.04852,14.8684,-13.6798,-24.0813,-0.54254,0.283866,0.470008,-0.370384,0.0978888,0.0981438,33.9
28.6672,0.924415,-3.00405,14.8302,-13.67,-24.0715,-0.543658,0.283991,0.470835,-0.370735,0.0982609,0.0984131,34
28.6618,0.927255,-2.95951,14.7919,-13.6602,-24.0617,-0.54478,0.284117,0.471665,-0.371088,0.0986334,0.0986827,34.1
28.6564,0.930096,-2.9149,14.7536,-13.6503,-24.0518,-0.545904,0.284243,0.472498,-0.371441,0.0990062,0.0989526,34.2
28.6509,0.932938,-2.87021,14.7153,-13.6404,-24.0419,-0.547032,0.28437,0.473333,-0.371795,0.0993794,0.0992226,34.3
28.6454,0.935782,-2.82544,14.677,-13.6305,-24.032,-0.548163,0.284498,0.474172,-0.372151,0.0997529,0.099493,34.4
28.64,0.938627,-2.7806,14.6386,-13.6205,-24.0221,-0.549298,0.284626,0.475014,-0.372507,0.100127,0.0997636,34.5
28.6345,0.941473,-2.73568,14.6001,-13.6105,-24.0121,-0.550435,0.284756,0.475858,-0.372863,0.100501,0.100034,34.6
28.629,0.944321,-2.69069,14.5616,-13.6005,-24.0021,-0.551576,0.284885,0.476706,-0.373221,0.100875,0.100305,34.7
28.6234,0.94717,-2.64562,14.5231,-13.5904,-23.992,-0.55272,0.285016,0.477557,-0.37358,0.10125,0.100577,34.8
28.6179,0.95002,-2.60047,14.4846,-13.5802,-23.982,-0.553868,0.285147,0.478411,-0.37394,0.101625,0.100848,34.9
28.6124,0.952871,-2.55525,14.446,-13.5701,-23.9719,-0.555019,0.285279,0.479268,-0.3743,0.102001,0.10112,35
28.6068,0.955724,-2.50995,14.4073,-13.5599,-23.9618,-0.556173,0.285411,0.480128,-0.374662,0.102377,0.101392,35.1
28.6013,0.958578,-2.46457,14.3686,-13.5496,-23.9516,-0.557331,0.285544,0.480992,-0.375024,0.102753,0.101665,35.2
28.5957,0.961433,-2.41911,14.3299,-13.5394,-23.9415,-0.558492,0.285678,0.481858,-0.375387,0.10313,0.101937,35.3
28.5901,0.96429,-2.37357,14.2912,-13.529,-23.9313,-0.559656,0.285813,0.482728,-0.375752,0.103507,0.10221,35.4
28.5845,0.967148,-2.32796,14.2524,-13.5187,-23.9211,-0.560824,0.285948,0.483601,-0.376117,0.103884,0.102483,35.5
28.5789,0.970008,-2.28226,14.2135,-13.5083,-23.9108,-0.561995,0.286084,0.484477,-0.376483,0.104262,0.102757,35.6
28.5733,0.972869,-2.23649,14.1746,-13.4979,-23.9005,-0.56317,0.286221,0.485357,-0.37685,0.10464,0.10303,35.7
28.5676,0.975731,-2.19064,14.1357,-13.4874,-23.8902,-0.564349,0.286359,0.48624,-0.377218,0.105018,0.103304,35.8
28.562,0.978595,-2.1447,14.0967,-13.4769,-23.8799,-0.565531,0.286497,0.487126,-0.377587,0.105397,0.103578,35.9
28.5563,0.981459,-2.09869,14.0577,-13.4664,-23.8695,-0.566717,0.286636,0.488015,-0.377957,0.105776,0.103853,36
28.5507,0.984326,-2.0526,14.0187,-13.4558,-23.8592,-0.567906,0.286775,0.488908,-0.378328,0.106155,0.104127,36.1
28.545,0.987194,-2.00642,13.9796,-13.4452,-23.8488,-0.569099,0.286916,0.489804,-0.3787,0.106535,0.104402,36.2
28.5393,0.990063,-1.96017,13.9405,-13.4345,-23.8383,-0.570295,0.287057,0.490704,-0.379073,0.106915,0.104677,36.3
28.5336,0.992933,-1.91383,13.9013,-13.4238,-23.8278,-0.571495,0.287199,0.491607,-0.379446,0.107296,0.104953,36.4
28.5279,0.995805,-1.86741,13.8621,-13.4131,-23.8173,-0.572699,0.287342,0.492514,-0.379821,0.107677,0.105229,36.5
28.5222,0.998679,-1.82091,13.8228,-13.4023,-23.8068,-0.573907,0.287485,0.493424,-0.380197,0.108058,0.105505,36.6
28.5164,1.00155,-1.77432,13.7835,-13.3915,-23.7963,-0.575119,0.287629,0.494338,-0.380574,0.10844,0.105781,36.7
28.5107,1.00443,-1.72765,13.7442,-13.3807,-23.7857,-0.576334,0.287774,0.495255,-0.380951,0.108822,0.106057,36.8
28.5049,1.00731,-1.6809,13.7048,-13.3698,-23.7751,-0.577553,0.28792,0.496176,-0.38133,0.109204,0.106334,36.9
28.4991,1.01019,-1.63407,13.6654,-13.3589,-23.7645,-0.578776,0.288066,0.4971,-0.38171,0.109587,0.106611,37
28.4933,1.01307,-1.58715,13.6259,-13.3479,-23.7538,-0.580003,0.288213,0.498028,-0.382091,0.10997,0.106889,37.1
28.4875,1.01595,-1.54014,13.5864,-13.3369,-23.7431,-0.581234,0.288361,0.49896,-0.382472,0.110354,0.107166,37.2
28.4817,1.01883,-1.49306,13.5468,-13.3259,-23.7324,-0.582469,0.28851,0.499895,-0.382855,0.110737,0.107444,37.3
28.4759,1.02172,-1.44588,13.5072,-13.3148,-23.7216,-0.583707,0.28866,0.500834,-0.383239,0.111122,0.107722,37.4
28.4701,1.0246,-1.39862,13.4676,-13.3037,-23.7109,-0.58495,0.28881,0.501777,-0.383624,0.111507,0.108,37.5
28.4642,1.02749,-1.35128,13.4279,-13.2926,-23.7001,-0.586197,0.288961,0.502724,-0.38401,0.111892,0.108279,37.6
28.4584,1.03038,-1.30385,13.3882,-13.2814,-23.6892,-0.587448,0.289113,0.503674,-0.384397,0.112277,0.108558,37.7
28.4525,1.03327,-1.25633,13.3484,-13.2701,-23.6784,-0.588703,0.289266,0.504629,-0.384785,0.112663,0.108837,37.8
28.4466,1.03617,-1.20873,13.3086,-13.2589,-23.6675,-0.589962,0.289419,0.505587,-0.385174,0.113049,0.109117,37.9
28.4407,1.03906,-1.16104,13.2688,-13.2476,-23.6566,-0.591225,0.289574,0.506549,-0.385564,0.113436,0.109397,38
28.4348,1.04196,-1.11326,13.2289,-13.2362,-23.6457,-0.592492,0.289729,0.507515,-0.385955,0.113823,0.109677,38.1
28.4289,1.04485,-1.06539,13.1889,-13.2248,-23.6347,-0.593764,0.289885,0.508485,-0.386347,0.11421,0.109957,38.2
28.4229,1.04775,-1.01744,13.1489,-13.2134,-23.6237,-0.59504,0.290042,0.509459,-0.38674,0.114598,0.110238,38.3
28.417,1.05065,-0.969392,13.1089,-13.202,-23.6127,-0.59632,0.290199,0.510437,-0.387134,0.114987,0.110518,38.4
28.411,1.05355,-0.921259,13.0688,-13.1905,-23.6016,-0.597605,0.290358,0.511419,-0.38753,0.115375,0.1108,38.5
28.405,1.05646,-0.873036,13.0287,-13.1789,-23.5905,-0.598893,0.290517,0.512405,-0.387926,0.115764,0.111081,38.6
28.399,1.05936,-0.824723,12.9886,-13.1674,-23.5794,-0.600187,0.290677,0.513395,-0.388324,0.116154,0.111363,38.7
28.393,1.06227,-0.77632,12.9484,-13.1557,-23.5683,-0.601484,0.290838,0.514389,-0.388722,0.116544,0.111645,38.8
28.387,1.06518,-0.727825,12.9081,-13.1441,-23.5571,-0.602787,0.291,0.515388,-0.389122,0.116934,0.111927,38.9
28.381,1.06809,-0.67924,12.8678,-13.1324,-23.5459,-0.604093,0.291162,0.516391,-0.389523,0.117325,0.11221,39
28.375,1.071,-0.630563,12.8275,-13.1207,-23.5347,-0.605404,0.291326,0.517398,-0.389925,0.117716,0.112492,39.1
28.3689,1.07391,-0.581795,12.7871,-13.1089,-23.5235,-0.60672,0.29149,0.518409,-0.390328,0.118107,0.112776,39.2
28.3628,1.07683,-0.532933,12.7467,-13.0971,-23.5122,-0.60804,0.291655,0.519425,-0.390732,0.118499,0.113059,39.3
28.3568,1.07975,-0.483979,12.7062,-13.0852,-23.5009,-0.609365,0.291821,0.520445,-0.391137,0.118892,0.113343,39.4
28.3507,1.08266,-0.434932,12.6657,-13.0733,-23.4895,-0.610695,0.291988,0.521469,-0.391544,0.119285,0.113627,39.5
28.3446,1.08558,-0.385791,12.6251,-13.0614,-23.4782,-0.612029,0.292156,0.522498,-0.391951,0.119678,0.113911,39.6
28.3384,1.0885,-0.336556,12.5845,-13.0494,-23.4668,-0.613368,0.292325,0.523531,-0.39236,0.120072,0.114196,39.7
28.3323,1.09143,-0.287226,12.5439,-13.0374,-23.4554,-0.614712,0.292494,0.524569,-0.392769,0.120466,0.11448,39.8
28.3262,1.09435,-0.237801,12.5032,-13.0254,-23.4439,-0.616061,0.292665,0.525612,-0.39318,0.12086,0.114766,39.9
28.32,1.09728,-0.188281,12.4624,-13.0133,-23.4324,-0.617414,0.292836,0.526659,-0.393592,0.121255,0.115051,40
28.3138,1.10021,-0.138665,12.4216,-13.0012,-23.4209,-0.618773,0.293008,0.52771,-0.394006,0.121651,0.115337,40.1
28.3076,1.10314,-0.0889531,12.3808,-12.989,-23.4094,-0.620136,0.293181,0.528767,-0.39442,0.122047,0.115623,40.2
28.3014,1.10607,-0.0391442,12.3399,-12.9768,-23.3978,-0.621505,0.293355,0.529828,-0.394836,0.122443,0.115909,40.3
28.2952,1.109,0.010762,12.299,-12.9646,-23.3863,-0.622878,0.29353,0.530893,-0.395252,0.12284,0.116196,40.4
28.289,1.11194,0.0607659,12.258,-12.9523,-23.3746,-0.624257,0.293706,0.531964,-0.39567,0.123237,0.116483,40.5
28.2827,1.11488,0.110868,12.217,-12.94,-23.363,-0.62564,0.293883,0.533039,-0.396089,0.123634,0.11677,40.6
28.2765,1.11781,0.161068,12.1759,-12.9276,-23.3513,-0.627029,0.294061,0.534119,-0.39651,0.124032,0.117057,40.7
28.2702,1.12076,0.211368,12.1348,-12.9152,-23.3396,-0.628423,0.29424,0.535204,-0.396931,0.124431,0.117345,40.8
28.2639,1.1237,0.261767,12.0937,-12.9027,-23.3279,-0.629822,0.294419,0.536294,-0.397354,0.12483,0.117633,40.9
28.2576,1.12664,0.312267,12.0525,-12.8903,-23.3161,-0.631227,0.2946,0.537389,-0.397778,0.125229,0.117922,41
28.2513,1.12959,0.362866,12.0112,-12.8777,-23.3043,-0.632636,0.294781,0.538489,-0.398203,0.125629,0.11821,41.1
28.245,1.13254,0.413567,11.9699,-12.8652,-23.2925,-0.634052,0.294964,0.539595,-0.398629,0.12603,0.118499,41.2
28.2387,1.13549,0.464369,11.9286,-12.8526,-23.2806,-0.635472,0.295147,0.540705,-0.399057,0.12643,0.118789,41.3
28.2323,1.13844,0.515273,11.8872,-12.8399,-23.2688,-0.636898,0.295331,0.54182,-0.399485,0.126832,0.119078,41.4
28.2259,1.14139,0.56628,11.8457,-12.8272,-23.2569,-0.63833,0.295517,0.542941,-0.399915,0.127233,0.119368,41.5
28.2196,1.14435,0.61739,11.8043,-12.8145,-23.2449,-0.639767,0.295703,0.544067,-0.400347,0.127635,0.119658,41.6
28.2132,1.1473,0.668603,11.7627,-12.8018,-23.233,-0.64121,0.29589,0.545198,-0.400779,0.128038,0.119949,41.7
28.2067,1.15026,0.71992,11.7211,-12.789,-23.221,-0.642658,0.296078,0.546335,-0.401213,0.128441,0.12024,41.8
28.2003,1.15322,0.771342,11.6795,-12.7761,-23.2089,-0.644112,0.296268,0.547477,-0.401648,0.128845,0.120531,41.9
28.1939,1.15618,0.822869,11.6378,-12.7632,-23.1969,-0.645572,0.296458,0.548624,-0.402084,0.129249,0.120822,42
28.1874,1.15915,0.874501,11.5961,-12.7503,-23.1848,-0.647038,0.296649,0.549777,-0.402521,0.129653,0.121114,42.1
28.1809,1.16212,0.926239,11.5543,-12.7373,-23.1727,-0.648509,0.296841,0.550936,-0.40296,0.130058,0.121406,42.2
28.1745,1.16508,0.978084,11.5125,-12.7243,-23.1606,-0.649987,0.297035,0.5521,-0.4034,0.130464,0.121698,42.3
28.168,1.16805,1.03004,11.4706,-12.7113,-23.1484,-0.65147,0.297229,0.55327,-0.403842,0.13087,0.121991,42.4
28.1614,1.17103,1.0821,11.4287,-12.6982,-23.1362,-0.65296,0.297424,0.554445,-0.404284,0.131276,0.122284,42.5
28.1549,1.174,1.13427,11.3867,-12.6851,-23.124,-0.654455,0.29762,0.555626,-0.404728,0.131683,0.122577,42.6
28.1484,1.17698,1.18654,11.3447,-12.6719,-23.1117,-0.655957,0.297818,0.556814,-0.405173,0.132091,0.122871,42.7
28.1418,1.17996,1.23893,11.3026,-12.6587,-23.0994,-0.657464,0.298016,0.558006,-0.40562,0.132499,0.123165,42.8
28.1352,1.18294,1.29143,11.2605,-12.6454,-23.0871,-0.658978,0.298215,0.559205,-0.406068,0.132907,0.123459,42.9
28.1287,1.18592,1.34403,11.2183,-12.6322,-23.0747,-0.660499,0.298416,0.56041,-0.406517,0.133316,0.123753,43
28.122,1.1889,1.39675,11.1761,-12.6188,-23.0624,-0.662025,0.298617,0.561621,-0.406968,0.133726,0.124048,43.1
28.1154,1.19189,1.44958,11.1339,-12.6054,-23.05,-0.663558,0.29882,0.562838,-0.407419,0.134136,0.124343,43.2
28.1088,1.19488,1.50252,11.0916,-12.592,-23.0375,-0.665098,0.299023,0.564061,-0.407873,0.134546,0.124639,43.3
28.1021,1.19787,1.55558,11.0492,-12.5786,-23.0251,-0.666644,0.299228,0.565291,-0.408327,0.134957,0.124935,43.4
28.0955,1.20086,1.60875,11.0068,-12.5651,-23.0126,-0.668197,0.299434,0.566526,-0.408783,0.135368,0.125231,43.5
28.0888,1.20385,1.66203,10.9643,-12.5515,-23.0001,-0.669756,0.29964,0.567768,-0.40924,0.13578,0.125527,43.6
28.0821,1.20685,1.71543,10.9218,-12.538,-22.9875,-0.671322,0.299848,0.569016,-0.409699,0.136193,0.125824,43.7
28.0754,1.20985,1.76894,10.8792,-12.5244,-22.9749,-0.672895,0.300057,0.570271,-0.410159,0.136606,0.126121,43.8
28.0687,1.21285,1.82257,10.8366,-12.5107,-22.9623,-0.674474,0.300267,0.571533,-0.41062,0.137019,0.126418,43.9
28.0619,1.21585,1.87631,10.7939,-12.497,-22.9497,-0.676061,0.300478,0.5728,-0.411083,0.137433,0.126716,44
28.0551,1.21886,1.93018,10.7512,-12.4832,-22.937,-0.677654,0.300691,0.574075,-0.411547,0.137848,0.127014,44.1
28.0484,1.22186,1.98416,10.7084,-12.4695,-22.9243,-0.679254,0.300904,0.575356,-0.412013,0.138263,0.127312,44.2
28.0416,1.22487,2.03826,10.6656,-12.4556,-22.9116,-0.680862,0.301118,0.576644,-0.41248,0.138679,0.127611,44.3
28.0348,1.22788,2.09248,10.6227,-12.4418,-22.8988,-0.682477,0.301334,0.577939,-0.412948,0.139095,0.12791,44.4
28.0279,1.2309,2.14681,10.5798,-12.4279,-22.886,-0.684099,0.301551,0.579241,-0.413418,0.139511,0.128209,44.5
28.0211,1.23391,2.20127,10.5368,-12.4139,-22.8732,-0.685728,0.301768,0.58055,-0.413889,0.139928,0.128509,44.6
28.0142,1.23693,2.25585,10.4938,-12.3999,-22.8603,-0.687365,0.301987,0.581866,-0.414361,0.140346,0.128809,44.7
28.0074,1.23995,2.31055,10.4507,-12.3859,-22.8475,-0.689009,0.302208,0.583188,-0.414835,0.140764,0.129109,44.8
28.0005,1.24297,2.36538,10.4076,-12.3718,-22.8345,-0.69066,0.302429,0.584519,-0.415311,0.141183,0.12941,44.9
27.9936,1.246,2.42033,10.3644,-12.3577,-22.8216,-0.692319,0.302651,0.585856,-0.415788,0.141603,0.129711,45
27.9867,1.24902,2.4754,10.3212,-12.3435,-22.8086,-0.693986,0.302875,0.587201,-0.416266,0.142022,0.130012,45.1
27.9797,1.25205,2.53059,10.2779,-12.3293,-22.7956,-0.695661,0.303099,0.588553,-0.416746,0.142443,0.130314,45.2
27.9728,1.25508,2.58592,10.2346,-12.3151,-22.7826,-0.697343,0.303325,0.589913,-0.417227,0.142864,0.130616,45.3
27.9658,1.25812,2.64136,10.1912,-12.3008,-22.7695,-0.699034,0.303552,0.59128,-0.41771,0.143285,0.130918,45.4
27.9588,1.26115,2.69694,10.1477,-12.2865,-22.7564,-0.700732,0.303781,0.592655,-0.418194,0.143707,0.13122,45.5
27.9518,1.26419,2.75264,10.1042,-12.2721,-22.7433,-0.702438,0.30401,0.594037,-0.41868,0.14413,0.131523,45.6
27.9448,1.26723,2.80847,10.0607,-12.2577,-22.7302,-0.704153,0.304241,0.595428,-0.419167,0.144553,0.131827,45.7
27.9377,1.27027,2.86443,10.0171,-12.2432,-22.717,-0.705876,0.304473,0.596826,-0.419656,0.144977,0.13213,45.8
27.9307,1.27332,2.92052,9.9734,-12.2287,-22.7038,-0.707607,0.304706,0.598232,-0.420146,0.145401,0.132434,45.9
27.9236,1.27636,2.97674,9.92968,-12.2142,-22.6905,-0.709346,0.30494,0.599647,-0.420638,0.145826,0.132738,46
27.9165,1.27941,3.03309,9.88591,-12.1996,-22.6773,-0.711094,0.305175,0.601069,-0.421131,0.146252,0.133043,46.1
27.9094,1.28246,3.08958,9.84209,-12.185,-22.664,-0.71285,0.305412,0.6025,-0.421625,0.146678,0.133348,46.2
27.9023,1.28552,3.1462,9.79822,-12.1703,-22.6506,-0.714616,0.30565,0.603939,-0.422122,0.147104,0.133653,46.3
27.8951,1.28857,3.20295,9.75429,-12.1556,-22.6373,-0.716389,0.305889,0.605386,-0.422619,0.147532,0.133959,46.4
27.8879,1.29163,3.25983,9.7103,-12.1408,-22.6239,-0.718172,0.306129,0.606842,-0.423119,0.147959,0.134265,46.5
27.8808,1.29469,3.31685,9.66626,-12.1261,-22.6104,-0.719964,0.306371,0.608307,-0.42362,0.148388,0.134571,46.6
27.8736,1.29776,3.37401,9.62217,-12.1112,-22.597,-0.721765,0.306614,0.60978,-0.424122,0.148817,0.134878,46.7
27.8663,1.30082,3.43131,9.57802,-12.0963,-22.5835,-0.723574,0.306858,0.611262,-0.424626,0.149246,0.135185,46.8
27.8591,1.30389,3.48874,9.53381,-12.0814,-22.57,-0.725393,0.307103,0.612753,-0.425131,0.149676,0.135492,46.9
27.8519,1.30696,3.54631,9.48955,-12.0664,-22.5564,-0.727222,0.30735,0.614253,-0.425639,0.150107,0.1358,47
27.8446,1.31004,3.60402,9.44524,-12.0514,-22.5428,-0.72906,0.307598,0.615762,-0.426147,0.150538,0.136108,47.1
27.8373,1.31311,3.66187,9.40087,-12.0364,-22.5292,-0.730907,0.307847,0.61728,-0.426657,0.15097,0.136416,47.2
27.83,1.31619,3.71987,9.35644,-12.0213,-22.5156,-0.732764,0.308097,0.618808,-0.427169,0.151403,0.136724,47.3
27.8227,1.31927,3.778,9.31196,-12.0061,-22.5019,-0.734631,0.308349,0.620345,-0.427683,0.151836,0.137033,47.4
27.8153,1.32236,3.83628,9.26742,-11.991,-22.4882,-0.736507,0.308602,0.621891,-0.428198,0.15227,0.137343,47.5
27.8079,1.32544,3.89471,9.22283,-11.9757,-22.4745,-0.738393,0.308856,0.623447,-0.428714,0.152704,0.137653,47.6
27.8006,1.32853,3.95328,9.17818,-11.9605,-22.4607,-0.74029,0.309112,0.625013,-0.429232,0.153139,0.137963,47.7
27.7932,1.33162,4.01199,9.13347,-11.9451,-22.4469,-0.742197,0.309369,0.626588,-0.429752,0.153574,0.138273,47.8
27.7857,1.33472,4.07085,9.08871,-11.9298,-22.4331,-0.744114,0.309627,0.628174,-0.430274,0.15401,0.138584,47.9
27.7783,1.33781,4.12986,9.04388,-11.9144,-22.4192,-0.746041,0.309886,0.629769,-0.430797,0.154447,0.138895,48
27.7708,1.34091,4.18902,8.99901,-11.8989,-22.4053,-0.747979,0.310147,0.631375,-0.431321,0.154885,0.139206,48.1
27.7634,1.34401,4.24833,8.95407,-11.8834,-22.3914,-0.749928,0.310409,0.632991,-0.431848,0.155323,0.139518,48.2
27.7559,1.34712,4.30779,8.90908,-11.8679,-22.3775,-0.751887,0.310673,0.634617,-0.432376,0.155761,0.13983,48.3
27.7483,1.35022,4.36741,8.86403,-11.8523,-22.3635,-0.753857,0.310938,0.636254,-0.432905,0.156201,0.140142,48.4
27.7408,1.35333,4.42717,8.81892,-11.8367,-22.3495,-0.755838,0.311204,0.637902,-0.433437,0.15664,0.140455,48.5
27.7332,1.35645,4.48709,8.77375,-11.8211,-22.3354,-0.757831,0.311471,0.63956,-0.433969,0.157081,0.140768,48.6
27.7257,1.35956,4.54717,8.72853,-11.8053,-22.3213,-0.759834,0.31174,0.64123,-0.434504,0.157522,0.141082,48.7
27.7181,1.36268,4.6074,8.68325,-11.7896,-22.3072,-0.761849,0.31201,0.64291,-0.43504,0.157964,0.141396,48.8
27.7104,1.3658,4.66779,8.63791,-11.7738,-22.2931,-0.763876,0.312282,0.644602,-0.435578,0.158407,0.14171,48.9
27.7028,1.36892,4.72833,8.59251,-11.758,-22.2789,-0.765914,0.312555,0.646305,-0.436118,0.15885,0.142025,49
27.6951,1.37205,4.78904,8.54705,-11.7421,-22.2647,-0.767964,0.312829,0.648019,-0.436659,0.159293,0.142339,49.1
27.6875,1.37517,4.84991,8.50153,-11.7261,-22.2505,-0.770026,0.313105,0.649745,-0.437202,0.159738,0.142655,49.2
27.6798,1.3783,4.91094,8.45596,-11.7102,-22.2362,-0.7721,0.313382,0.651483,-0.437746,0.160183,0.14297,49.3
27.672,1.38144,4.97213,8.41032,-11.6942,-22.2219,-0.774186,0.31366,0.653232,-0.438293,0.160629,0.143286,49.4
27.6643,1.38458,5.03348,8.36463,-11.6781,-22.2076,-0.776285,0.31394,0.654994,-0.438841,0.161075,0.143603,49.5
27.6565,1.38771,5.095,8.31887,-11.662,-22.1932,-0.778396,0.314221,0.656768,-0.43939,0.161522,0.143919,49.6
27.6488,1.39086,5.15669,8.27306,-11.6458,-22.1788,-0.78052,0.314503,0.658554,-0.439942,0.16197,0.144236,49.7
27.6409,1.394,5.21855,8.22719,-11.6296,-22.1644,-0.782657,0.314787,0.660353,-0.440495,0.162418,0.144554,49.8
27.6331,1.39715,5.28057,8.18125,-11.6134,-22.15,-0.784807,0.315072,0.662165,-0.44105,0.162867,0.144871,49.9
27.6253,1.4003,5.34276,8.13526,-11.5971,-22.1355,-0.78697,0.315359,0.663989,-0.441606,0.163317,0.145189,50
27.6174,1.40345,5.40513,8.0892,-11.5808,-22.121,-0.789146,0.315647,0.665826,-0.442164,0.163767,0.145508,50.1
27.6095,1.40661,5.46767,8.04309,-11.5644,-22.1064,-0.791336,0.315936,0.667677,-0.442724,0.164218,0.145827,50.2
27.6016,1.40977,5.53038,7.99691,-11.548,-22.0918,-0.79354,0.316227,0.66954,-0.443286,0.16467,0.146146,50.3
27.5937,1.41293,5.59327,7.95067,-11.5315,-22.0772,-0.795757,0.316519,0.671418,-0.443849,0.165123,0.146465,50.4
27.5857,1.4161,5.65633,7.90437,-11.515,-22.0626,-0.797989,0.316813,0.673309,-0.444414,0.165576,0.146785,50.5
27.5777,1.41927,5.71957,7.85801,-11.4984,-22.0479,-0.800234,0.317108,0.675214,-0.444981,0.16603,0.147105,50.6
27.5697,1.42244,5.78299,7.81159,-11.4818,-22.0332,-0.802494,0.317404,0.677132,-0.445549,0.166484,0.147426,50.7
27.5617,1.42561,5.84659,7.76511,-11.4652,-22.0184,-0.804769,0.317702,0.679066,-0.44612,0.166939,0.147747,50.8
27.5537,1.42879,5.91038,7.71857,-11.4485,-22.0037,-0.807058,0.318001,0.681013,-0.446692,0.167395,0.148068,50.9
27.5456,1.43197,5.97434,7.67196,-11.4318,-21.9889,-0.809363,0.318302,0.682976,-0.447265,0.167852,0.14839,51
27.5375,1.43515,6.03849,7.62529,-11.415,-21.974,-0.811682,0.318604,0.684953,-0.447841,0.168309,0.148712,51.1
27.5294,1.43834,6.10283,7.57856,-11.3981,-21.9591,-0.814017,0.318907,0.686945,-0.448418,0.168767,0.149034,51.2
27.5212,1.44153,6.16736,7.53176,-11.3813,-21.9442,-0.816368,0.319212,0.688952,-0.448996,0.169226,0.149357,51.3
27.5131,1.44472,6.23207,7.48491,-11.3643,-21.9293,-0.818734,0.319518,0.690975,-0.449577,0.169685,0.14968,51.4
27.5049,1.44791,6.29697,7.43799,-11.3474,-21.9143,-0.821116,0.319826,0.693014,-0.450159,0.170146,0.150003,51.5
27.4967,1.45111,6.36207,7.391,-11.3304,-21.8993,-0.823515,0.320135,0.695068,-0.450743,0.170606,0.150327,51.6
27.4884,1.45431,6.42736,7.34396,-11.3133,-21.8843,-0.82593,0.320445,0.697139,-0.451329,0.171068,0.150651,51.7
27.4802,1.45752,6.49285,7.29685,-11.2962,-21.8692,-0.828361,0.320757,0.699225,-0.451916,0.17153,0.150976,51.8
27.4719,1.46072,6.55853,7.24967,-11.279,-21.8541,-0.83081,0.32107,0.701329,-0.452505,0.171993,0.151301,51.9
27.4636,1.46394,6.62441,7.20244,-11.2618,-21.839,-0.833276,0.321384,0.703449,-0.453096,0.172457,0.151626,52
27.4552,1.46715,6.69049,7.15514,-11.2446,-21.8239,-0.835759,0.3217,0.705586,-0.453688,0.172922,0.151952,52.1
27.4469,1.47037,6.75678,7.10777,-11.2273,-21.8087,-0.838259,0.322017,0.707741,-0.454282,0.173387,0.152278,52.2
27.4385,1.47359,6.82327,7.06034,-11.21,-21.7934,-0.840778,0.322336,0.709913,-0.454878,0.173853,0.152604,52.3
27.4301,1.47681,6.88996,7.01285,-11.1926,-21.7782,-0.843315,0.322656,0.712103,-0.455476,0.17432,0.152931,52.4
27.4217,1.48004,6.95686,6.96529,-11.1751,-21.7629,-0.84587,0.322977,0.714311,-0.456075,0.174787,0.153258,52.5
27.4132,1.48327,7.02397,6.91767,-11.1577,-21.7475,-0.848443,0.3233,0.716538,-0.456676,0.175256,0.153585,52.6
27.4047,1.4865,7.09128,6.86998,-11.1401,-21.7322,-0.851036,0.323624,0.718783,-0.457278,0.175725,0.153913,52.7
27.3962,1.48974,7.15882,6.82222,-11.1226,-21.7168,-0.853648,0.323949,0.721047,-0.457882,0.176194,0.154241,52.8
27.3877,1.49297,7.22656,6.7744,-11.1049,-21.7014,-0.856279,0.324276,0.72333,-0.458488,0.176665,0.15457,52.9
27.3791,1.49622,7.29452,6.72652,-11.0873,-21.6859,-0.858931,0.324603,0.725632,-0.459095,0.177136,0.154898,53
27.3705,1.49946,7.3627,6.67857,-11.0696,-21.6704,-0.861602,0.324933,0.727955,-0.459704,0.177608,0.155228,53.1
27.3619,1.50271,7.4311,6.63055,-11.0518,-21.6549,-0.864293,0.325263,0.730297,-0.460315,0.178081,0.155557,53.2
27.3533,1.50597,7.49972,6.58247,-11.034,-21.6393,-0.867006,0.325595,0.73266,-0.460927,0.178555,0.155887,53.3
27.3446,1.50922,7.56857,6.53432,-11.0161,-21.6238,-0.869739,0.325928,0.735044,-0.461541,0.179029,0.156217,53.4
27.3359,1.51248,7.63764,6.48611,-10.9982,-21.6081,-0.872494,0.326262,0.737448,-0.462156,0.179504,0.156548,53.5
27.3272,1.51574,7.70694,6.43783,-10.9803,-21.5925,-0.87527,0.326597,0.739874,-0.462773,0.17998,0.156879,53.6
27.3184,1.51901,7.77647,6.38948,-10.9623,-21.5768,-0.878068,0.326934,0.742322,-0.463391,0.180457,0.157211,53.7
27.3096,1.52228,7.84623,6.34107,-10.9442,-21.5611,-0.880889,0.327272,0.744792,-0.464011,0.180934,0.157542,53.8
27.3008,1.52555,7.91622,6.29258,-10.9261,-21.5453,-0.883732,0.327611,0.747284,-0.464633,0.181413,0.157874,53.9
27.292,1.52883,7.98646,6.24404,-10.908,-21.5295,-0.886598,0.327951,0.749799,-0.465255,0.181892,0.158207,54
27.2831,1.53211,8.05693,6.19542,-10.8898,-21.5137,-0.889488,0.328292,0.752337,-0.46588,0.182372,0.15854,54.1
27.2742,1.53539,8.12764,6.14674,-10.8716,-21.4979,-0.892402,0.328634,0.754898,-0.466505,0.182852,0.158873,54.2
27.2653,1.53868,8.19859,6.09799,-10.8533,-21.482,-0.895339,0.328977,0.757484,-0.467132,0.183334,0.159206,54.3
27.2564,1.54197,8.26979,6.04917,-10.835,-21.4661,-0.898302,0.329322,0.760094,-0.467761,0.183816,0.15954,54.4
27.2474,1.54526,8.34124,6.00028,-10.8166,-21.4501,-0.901289,0.329667,0.762728,-0.468391,0.184299,0.159875,54.5
27.2384,1.54856,8.41294,5.95133,-10.7982,-21.4341,-0.904302,0.330014,0.765388,-0.469022,0.184783,0.160209,54.6
27.2293,1.55186,8.48489,5.90231,-10.7797,-21.4181,-0.90734,0.330361,0.768073,-0.469654,0.185268,0.160544,54.7
27.2202,1.55516,8.5571,5.85321,-10.7611,-21.402,-0.910405,0.33071,0.770784,-0.470288,0.185753,0.16088,54.8
27.2111,1.55847,8.62957,5.80406,-10.7426,-21.3859,-0.913496,0.331059,0.773522,-0.470923,0.186239,0.161215,54.9
27.202,1.56178,8.70229,5.75483,-10.7239,-21.3698,-0.916615,0.331409,0.776286,-0.471559,0.186727,0.161552,55
27.1928,1.56509,8.77528,5.70553,-10.7053,-21.3537,-0.919761,0.33176,0.779078,-0.472196,0.187214,0.161888,55.1
27.1836,1.56841,8.84853,5.65617,-10.6866,-21.3375,-0.922935,0.332111,0.781898,-0.472834,0.187703,0.162225,55.2
27.1744,1.57173,8.92206,5.60673,-10.6678,-21.3213,-0.926137,0.332464,0.784746,-0.473473,0.188193,0.162562,55.3
27.1652,1.57505,8.99585,5.55723,-10.649,-21.305,-0.929369,0.332817,0.787623,-0.474114,0.188683,0.1629,55.4
27.1559,1.57838,9.06992,5.50766,-10.6301,-21.2887,-0.932631,0.333171,0.790529,-0.474755,0.189175,0.163237,55.5
27.1465,1.58171,9.14427,5.45802,-10.6112,-21.2724,-0.935922,0.333525,0.793465,-0.475397,0.189667,0.163576,55.6
27.1372,1.58505,9.21889,5.40831,-10.5922,-21.256,-0.939244,0.33388,0.796432,-0.47604,0.19016,0.163914,55.7
27.1278,1.58839,9.2938,5.35853,-10.5732,-21.2396,-0.942597,0.334236,0.799429,-0.476684,0.190654,0.164253,55.8
27.1184,1.59173,9.36899,5.30868,-10.5541,-21.2232,-0.945982,0.334591,0.802458,-0.477328,0.191148,0.164593,55.9
27.1089,1.59508,9.44448,5.25876,-10.535,-21.2068,-0.949399,0.334948,0.80552,-0.477974,0.191644,0.164932,56
27.0994,1.59843,9.52025,5.20877,-10.5159,-21.1903,-0.95285,0.335304,0.808614,-0.478619,0.19214,0.165272,56.1
27.0899,1.60178,9.59632,5.15872,-10.4966,-21.1737,-0.956333,0.335661,0.811741,-0.479266,0.192637,0.165613,56.2
27.0803,1.60514,9.67269,5.10859,-10.4774,-21.1572,-0.959851,0.336018,0.814902,-0.479913,0.193135,0.165954,56.3
27.0707,1.6085,9.74937,5.05839,-10.4581,-21.1406,-0.963404,0.336375,0.818098,-0.48056,0.193634,0.166295,56.4
27.0611,1.61186,9.82634,5.00812,-10.4387,-21.1239,-0.966992,0.336732,0.82133,-0.481208,0.194134,0.166636,56.5
27.0514,1.61523,9.90363,4.95779,-10.4193,-21.1073,-0.970616,0.337089,0.824597,-0.481855,0.194635,0.166978,56.6
27.0417,1.6186,9.98123,4.90738,-10.3998,-21.0906,-0.974277,0.337446,0.827901,-0.482503,0.195136,0.16732,56.7
27.032,1.62197,10.0591,4.8569,-10.3803,-21.0739,-0.977976,0.337802,0.831243,-0.483151,0.195639,0.167663,56.8
27.0222,1.62535,10.1374,4.80636,-10.3607,-21.0571,-0.981713,0.338159,0.834623,-0.483799,0.196142,0.168006,56.9
27.0124,1.62873,10.2159,4.75574,-10.3411,-21.0403,-0.985489,0.338514,0.838042,-0.484447,0.196646,0.168349,57
27.0025,1.63212,10.2948,4.70506,-10.3215,-21.0235,-0.989304,0.33887,0.8415,-0.485095,0.197151,0.168693,57.1
26.9926,1.63551,10.374,4.6543,-10.3017,-21.0066,-0.993161,0.339224,0.844999,-0.485742,0.197657,0.169037,57.2
26.9827,1.6389,10.4536,4.60347,-10.282,-20.9897,-0.997059,0.339578,0.848539,-0.486388,0.198164,0.169381,57.3
26.9727,1.64229,10.5335,4.55258,-10.2622,-20.9727,-1.001,0.339931,0.852122,-0.487035,0.198672,0.169726,57.4
26.9627,1.64569,10.6137,4.50161,-10.2423,-20.9558,-1.00498,0.340283,0.855748,-0.48768,0.19918,0.170071,57.5
26.9526,1.6491,10.6943,4.45058,-10.2224,-20.9388,-1.00901,0.340634,0.859418,-0.488324,0.19969,0.170416,57.6
26.9426,1.6525,10.7752,4.39947,-10.2024,-20.9217,-1.01308,0.340983,0.863133,-0.488968,0.2002,0.170762,57.7
26.9324,1.65591,10.8565,4.3483,-10.1824,-20.9046,-1.0172,0.341331,0.866893,-0.48961,0.200712,0.171108,57.8
26.9223,1.65933,10.9382,4.29705,-10.1623,-20.8875,-1.02136,0.341678,0.870701,-0.490251,0.201224,0.171454,57.9
26.912,1.66274,11.0202,4.24574,-10.1422,-20.8704,-1.02558,0.342022,0.874557,-0.49089,0.201737,0.171801,58
26.9018,1.66616,11.1026,4.19436,-10.122,-20.8532,-1.02984,0.342365,0.878461,-0.491528,0.202251,0.172148,58.1
26.8915,1.66959,11.1853,4.14291,-10.1018,-20.836,-1.03415,0.342705,0.882416,-0.492163,0.202766,0.172496,58.2
26.8811,1.67301,11.2684,4.09139,-10.0815,-20.8187,-1.03852,0.343043,0.886422,-0.492797,0.203282,0.172844,58.3
26.8708,1.67644,11.352,4.0398,-10.0612,-20.8015,-1.04293,0.343379,0.890481,-0.493428,0.203799,0.173192,58.4
26.8603,1.67988,11.4359,3.98814,-10.0408,-20.7841,-1.0474,0.343712,0.894592,-0.494057,0.204316,0.17354,58.5
26.8499,1.68332,11.5202,3.93642,-10.0204,-20.7668,-1.05192,0.344042,0.898759,-0.494683,0.204835,0.173889,58.6
26.8393,1.68676,11.6049,3.88462,-9.9999,-20.7494,-1.0565,0.344368,0.902982,-0.495307,0.205355,0.174239,58.7
26.8288,1.6902,11.69,3.83276,-9.97936,-20.732,-1.06114,0.344691,0.907262,-0.495926,0.205875,0.174588,58.8
26.8182,1.69365,11.7755,3.78083,-9.95878,-20.7145,-1.06583,0.345011,0.911601,-0.496543,0.206396,0.174938,58.9
26.8075,1.6971,11.8615,3.72884,-9.93814,-20.697,-1.07059,0.345326,0.916,-0.497155,0.206919,0.175288,59
26.7968,1.70055,11.9479,3.67678,-9.91744,-20.6795,-1.07541,0.345637,0.920461,-0.497764,0.207442,0.175639,59.1
26.786,1.70401,12.0346,3.62465,-9.8967,-20.6619,-1.08029,0.345943,0.924985,-0.498368,0.207966,0.17599,59.2
26.7752,1.70747,12.1219,3.57246,-9.8759,-20.6443,-1.08523,0.346245,0.929573,-0.498967,0.208491,0.176341,59.3
26.7644,1.71093,12.2096,3.5202,-9.85505,-20.6267,-1.09024,0.346541,0.934228,-0.499561,0.209017,0.176693,59.4
26.7535,1.71439,12.2977,3.46787,-9.83415,-20.609,-1.09532,0.346831,0.93895,-0.50015,0.209544,0.177045,59.5
26.7425,1.71786,12.3863,3.41549,-9.8132,-20.5913,-1.10046,0.347116,0.943743,-0.500732,0.210072,0.177397,59.6
26.7315,1.72133,12.4753,3.36304,-9.79219,-20.5736,-1.10568,0.347394,0.948606,-0.501309,0.210601,0.17775,59.7
26.7205,1.72481,12.5648,3.31052,-9.77113,-20.5558,-1.11097,0.347665,0.953543,-0.501878,0.211131,0.178103,59.8
26.7094,1.72828,12.6548,3.25794,-9.75002,-20.538,-1.11633,0.347928,0.958555,-0.502441,0.211662,0.178457,59.9
26.6982,1.73176,12.7453,3.20531,-9.72885,-20.5201,-1.12178,0.348184,0.963644,-0.502996,0.212194,0.17881,60
26.687,1.73524,12.8362,3.15261,-9.70763,-20.5023,-1.1273,0.348431,0.968812,-0.503542,0.212727,0.179164,60.1
26.6757,1.73873,12.9277,3.09985,-9.68636,-20.4844,-1.1329,0.34867,0.974061,-0.50408,0.21326,0.179519,60.2
26.6644,1.74222,13.0196,3.04703,-9.66503,-20.4664,-1.13858,0.348899,0.979394,-0.504609,0.213795,0.179874,60.3
26.653,1.7457,13.1121,2.99415,-9.64365,-20.4484,-1.14435,0.349118,0.984813,-0.505127,0.214331,0.180229,60.4
26.6416,1.7492,13.2051,2.94122,-9.62222,-20.4304,-1.15021,0.349326,0.99032,-0.505635,0.214867,0.180584,60.5
26.63,1.75269,13.2986,2.88822,-9.60073,-20.4123,-1.15615,0.349523,0.995917,-0.506132,0.215405,0.18094,60.6
26.6185,1.75618,13.3927,2.83518,-9.57919,-20.3942,-1.16219,0.349708,1.00161,-0.506616,0.215943,0.181296,60.7
26.6069,1.75968,13.4873,2.78208,-9.5576,-20.3761,-1.16832,0.34988,1.00739,-0.507088,0.216483,0.181652,60.8
26.5952,1.76318,13.5825,2.72892,-9.53595,-20.3579,-1.17456,0.350038,1.01328,-0.507547,0.217023,0.182009,60.9
26.5834,1.76668,13.6783,2.67572,-9.51425,-20.3397,-1.18089,0.350182,1.01927,-0.50799,0.217565,0.182366,61
26.5716,1.77018,13.7746,2.62246,-9.49249,-20.3215,-1.18732,0.35031,1.02536,-0.508419,0.218107,0.182724,61.1
26.5598,1.77369,13.8715,2.56916,-9.47068,-20.3032,-1.19387,0.350422,1.03156,-0.508831,0.218651,0.183082,61.2
26.5478,1.77719,13.9691,2.51581,-9.44882,-20.2849,-1.20052,0.350517,1.03787,-0.509225,0.219195,0.18344,61.3
26.5358,1.78069,14.0672,2.46242,-9.4269,-20.2666,-1.20729,0.350593,1.04429,-0.509601,0.21974,0.183798,61.4
26.5237,1.7842,14.1659,2.40898,-9.40492,-20.2482,-1.21417,0.350649,1.05083,-0.509958,0.220287,0.184157,61.5
26.5116,1.78771,14.2653,2.3555,-9.38289,-20.2298,-1.22117,0.350685,1.0575,-0.510293,0.220834,0.184516,61.6
26.4994,1.79121,14.3654,2.30198,-9.36081,-20.2113,-1.2283,0.350698,1.06429,-0.510606,0.221383,0.184876,61.7
26.4871,1.79472,14.4661,2.24842,-9.33867,-20.1928,-1.23555,0.350688,1.0712,-0.510895,0.221932,0.185235,61.8
26.4747,1.79823,14.5674,2.19483,-9.31648,-20.1743,-1.24294,0.350652,1.07826,-0.511159,0.222482,0.185596,61.9
26.4623,1.80173,14.6695,2.1412,-9.29423,-20.1558,-1.25047,0.35059,1.08545,-0.511397,0.223034,0.185956,62
26.4498,1.80524,14.7722,2.08755,-9.27193,-20.1372,-1.25813,0.3505,1.09278,-0.511605,0.223586,0.186317,62.1
26.4372,1.80875,14.8757,2.03386,-9.24957,-20.1185,-1.26594,0.350379,1.10026,-0.511784,0.224139,0.186678,62.2
26.4246,1.81225,14.9798,1.98016,-9.22716,-20.0999,-1.27391,0.350226,1.10789,-0.511929,0.224694,0.187039,62.3
26.4118,1.81575,15.0848,1.92643,-9.20469,-20.0812,-1.28203,0.350039,1.11568,-0.512041,0.225249,0.187401,62.4
26.399,1.81925,15.1904,1.87269,-9.18216,-20.0624,-1.29031,0.349816,1.12364,-0.512115,0.225805,0.187763,62.5
26.3861,1.82275,15.2969,1.81893,-9.15958,-20.0436,-1.29875,0.349553,1.13176,-0.512151,0.226362,0.188126,62.6
